1000 0.331845
1006 0.296396
1007 0.233965
1014 0.366959
1018 0.534273
1022 0.505453
1023 0.236829
1024 0.238345
1026 0.886359
1029 0.150000
1030 0.186834
1031 0.549794
1032 0.259860
1034 0.277092
1035 0.483667
1038 0.176402
1039 0.220092
1043 0.226531
1044 0.368234
1049 0.691028
105 0.265432
1053 0.342716
1055 0.214618
1061 0.254500
1062 0.332917
1074 0.160004
1075 0.235483
1080 0.271877
108 0.159735
1092 0.152659
1097 0.317427
1100 0.165672
1103 0.592880
1111 0.320847
1114 0.166363
1123 0.330307
1124 0.256065
1125 0.495129
1127 0.437614
1128 0.190308
1131 0.255008
1137 0.239180
1140 0.237713
1141 0.189550
1144 0.199108
1151 0.473274
1152 0.197986
1154 0.168457
1156 0.513130
1157 0.317934
1159 0.340249
1160 0.175134
1164 0.390699
1165 0.500637
1166 0.716665
1167 0.676607
1168 0.181387
1185 0.301523
1186 0.963774
1190 0.310080
1191 0.408358
1192 1.000000
1193 0.597474
1196 0.197318
1199 0.464694
1200 0.474949
1201 0.487182
1203 0.233621
1211 1.007631
1218 0.263710
1220 0.174342
1221 0.201286
1222 0.292659
1230 0.270400
1234 0.372998
1236 0.316429
1239 0.422471
1241 0.217376
1243 0.315981
1247 0.332595
1248 0.338436
1250 0.280579
1253 0.439346
1259 0.217941
1261 0.287562
1267 0.449080
127 0.173986
1277 0.164969
1279 0.335246
1282 0.181355
1284 0.381469
1285 0.333525
1286 0.340506
1291 0.396296
1296 0.310953
1297 1.781012
1300 0.150000
1305 0.497152
1307 0.402599
1310 0.716297
1315 0.297589
1319 0.385495
132 0.231940
1321 0.178276
1322 0.374230
1323 0.160258
1326 0.173899
1330 0.439239
135 0.366016
1352 0.501140
1353 0.305028
1357 0.648130
1360 0.332464
1372 0.217825
1374 0.500758
1375 0.264428
1377 0.309603
1378 0.456582
1382 0.237116
1384 0.479179
1385 0.422671
1389 0.223554
1390 0.340810
1393 0.278942
1394 0.306558
1396 0.227611
140 0.174513
1402 0.231352
1403 0.431157
1407 0.224507
1411 0.328989
1412 0.436927
1413 0.368704
1416 0.450408
1418 0.250363
1419 0.273743
1420 0.258275
1425 0.281440
1428 0.464510
1432 0.179290
1437 0.627272
1439 0.296593
1441 0.161571
1442 0.386718
1444 0.290689
1446 0.323967
1453 0.653798
1464 0.339179
1465 0.419834
1468 0.253788
1471 0.284695
1473 0.560325
1476 0.329637
1478 0.150000
1482 0.462868
1484 0.432950
1485 0.156166
1486 0.150000
1487 0.327292
1489 0.412263
1490 0.196142
1492 0.660465
1493 0.180821
1496 0.599993
1497 0.475243
1498 0.357584
150 0.189591
1501 0.284791
1506 0.244300
1507 0.160315
151 0.265606
1513 0.230407
1514 0.544460
1518 0.251028
1520 0.240132
15 2.005563
152 0.373547
1521 0.345425
1524 0.248214
1525 0.320314
153 0.150000
1531 0.184940
1532 0.150000
1533 1.000000
1534 0.249218
1537 0.171537
1538 0.563669
154 0.202105
1542 0.277975
1547 0.331500
1548 0.249268
1549 1.297157
1550 0.212876
155 0.317130
1555 0.284012
1556 0.248669
1557 0.150000
1563 0.194327
1564 0.221183
1565 0.437126
1566 0.442224
1569 0.190476
1571 0.399211
1573 0.328693
1580 0.281971
1583 0.211584
1585 0.743027
1587 0.258966
1592 0.251224
1593 0.534461
1595 0.209611
1596 0.167308
1597 0.194070
1600 0.207393
1603 0.337280
1604 0.184565
1608 0.432936
1610 0.269495
1613 0.222155
1618 0.221384
1619 0.181713
1621 0.400427
1622 0.456479
1628 0.211372
1629 0.210718
163 0.172309
1633 1.043508
1637 0.557524
1638 1.053006
1641 0.286145
1646 0.547720
1648 0.283910
1649 0.217368
1652 0.219914
1653 0.274379
1654 0.345820
1657 0.153215
1658 0.287233
1661 0.653741
1662 0.252991
1664 0.150000
1669 0.210129
167 0.150000
1672 0.217171
1678 0.156613
1679 0.327292
1680 0.288139
168 0.180056
1687 0.159592
1688 0.638634
1689 0.173176
1692 0.246008
1697 0.542660
1700 0.484221
1701 0.361521
1705 0.546457
1706 0.396621
1707 0.214197
171 0.398683
1714 0.228112
1716 0.152262
1717 0.582524
1718 0.384739
1723 0.516750
1726 0.898696
1729 0.526953
1730 0.216411
1732 0.180507
1733 0.227269
1734 0.538426
1744 0.408923
1746 0.277173
1747 0.253609
1749 0.320860
175 0.184927
1752 0.227867
1754 1.044359
1757 0.189184
1758 0.282121
1768 0.203135
1769 0.367739
1772 0.421793
1774 0.288798
1777 0.268545
1780 0.217319
178 0.288574
1781 0.327427
1783 0.287446
1787 0.429426
1788 0.388502
1791 0.197797
1792 0.311511
1793 0.225281
1798 0.310927
1799 0.430138
1802 0.432681
1805 0.256849
1808 0.466020
1811 0.466121
1814 0.439367
1816 0.337940
1819 0.162983
182 0.228541
1823 0.225567
183 0.191647
1833 0.154988
1835 0.531200
1836 0.593606
1837 0.210006
1842 0.859847
1847 0.499568
1848 0.285033
1849 0.282310
1855 0.518431
1857 0.224181
1858 0.290937
1859 0.562654
1861 0.183968
1864 0.254171
1865 0.177884
1880 0.218593
1884 0.167787
1888 0.481182
1893 0.644541
1901 0.209969
19 0.220824
1903 0.349289
1908 0.356820
1915 0.174068
1918 0.515572
1919 0.585362
1920 0.198445
192 0.179354
1927 0.317740
1935 0.198183
1950 0.150000
1953 0.336792
1956 0.506766
1961 0.150000
1963 0.350408
1964 0.289426
1965 0.350086
1966 0.514723
1969 0.296275
1970 0.150824
1972 0.359308
1973 0.256719
1977 0.503921
1979 0.209867
1982 0.604871
1983 0.183953
1984 0.158997
1985 0.188351
1987 0.267518
1990 0.536653
1991 0.192950
1992 0.691349
1997 0.335634
2001 0.345846
2004 0.269218
2007 0.156324
2014 0.250829
2016 0.371437
204 0.614653
2053 0.223334
2055 0.158018
2060 0.177722
2062 0.523327
2066 1.722514
2071 0.477839
2072 0.185233
2073 0.326141
2076 0.338025
2079 0.439269
2085 0.204640
2091 0.214841
2092 0.150000
2095 0.272375
2097 0.218714
2101 0.157042
2102 0.427180
2106 0.275805
2109 0.241609
2112 0.176348
2114 0.667865
2116 0.267052
2117 0.998475
2119 0.237129
2120 0.677388
2121 0.151106
2128 0.518820
2129 0.190073
2133 0.151132
2134 0.850464
2135 0.397912
2137 0.273719
214 0.586401
2144 0.716686
2145 0.766127
2151 0.521527
2157 0.377777
2160 0.392885
216 0.203600
2165 0.201395
2168 0.210046
2174 0.533153
2178 0.225943
2181 0.204002
2182 0.188593
2185 0.370156
219 0.191090
2193 0.427028
2202 0.179681
2205 0.166225
2206 0.171810
2209 0.346019
2210 0.620829
2211 0.480422
2223 0.498131
2225 0.498221
2231 0.389136
2234 0.150000
2237 1.182386
2240 0.502087
224 0.202024
2241 0.224650
2242 0.150000
2244 0.150000
2246 0.316823
2247 0.171250
2251 0.629157
2252 0.409874
2253 0.260926
2256 0.743680
2257 0.393557
2258 0.365805
226 0.181635
2264 0.640988
227 0.398107
2273 0.244915
2276 0.502248
2277 0.153846
228 0.219336
2281 0.175877
2285 0.260220
2289 0.674068
2290 0.367502
2294 0.159828
2297 0.638999
230 0.371764
23 0.239556
2305 0.150000
2307 0.186772
232 0.175015
2322 0.487680
2323 0.920291
2324 0.461847
2325 0.366521
2326 0.288933
2328 1.765398
2329 0.305538
2332 0.270631
2333 0.256645
2338 0.330653
2339 0.377273
2340 0.150824
2341 0.322133
2342 0.207019
2345 0.276898
2348 0.177462
2350 0.283181
2354 0.164643
2356 0.285078
236 0.221256
2362 0.150000
2364 0.523042
2365 0.150000
2366 0.154764
2369 0.288932
2371 0.520780
2375 0.472184
2378 0.150000
2381 0.571691
2384 0.366501
2385 0.326144
2386 0.160867
2397 0.242349
2398 2.029597
2400 0.364234
2410 0.486720
2411 0.509720
2416 0.221420
2420 0.150000
2426 0.159858
243 0.467409
2433 0.500704
2435 0.490320
2440 0.486983
2456 0.501781
246 0.165532
2470 0.694060
2474 0.683353
2475 0.294827
2479 0.268713
2484 0.150000
2485 1.013027
2490 0.204731
2499 0.196643
250 0.595910
2501 0.151132
2504 0.935171
2506 0.569730
2507 0.324779
2508 0.730234
2510 0.437869
2511 0.322886
2516 0.916177
2517 0.493091
252 0.235392
2535 0.887547
2542 0.511286
2544 0.326647
2547 0.428683
2550 0.290813
255 0.277256
2560 0.376143
2565 1.101059
2570 0.300189
257 0.205674
2571 0.183176
2575 0.163115
2576 0.909079
2579 0.387236
2580 0.222546
258 0.223996
2585 0.787525
2587 0.296027
2589 0.170604
259 0.373997
2592 0.291763
2593 0.580509
2594 0.849767
2595 0.358495
2597 0.265905
2599 0.255429
2604 0.204119
2605 0.304528
2607 0.150000
261 0.237185
2612 0.320804
2617 0.271013
2618 0.258391
2619 0.718568
2620 0.300486
2623 0.318196
2625 3.036467
2629 0.150000
2643 0.516672
2645 0.150000
2646 0.413386
2647 0.151132
2650 0.150000
2651 1.024393
2653 0.783017
2654 0.853751
2655 0.472777
2657 1.103281
2658 0.661116
2660 0.746459
2662 0.254221
2665 0.509351
2667 0.458482
2669 0.310009
2670 0.164948
2674 0.381789
2685 0.360404
2686 0.525260
2687 0.208260
2689 0.344196
2693 0.587548
2696 0.315615
2697 0.514248
2700 0.300640
2707 0.480910
2708 0.373103
271 1.356132
2713 0.307130
2720 0.150000
2721 0.240014
2724 0.164849
2727 0.622447
273 0.190088
2736 0.155054
274 0.171995
2746 1.079916
2747 0.384607
2754 0.292426
2760 0.325068
2763 0.334962
2764 0.289671
2765 0.267338
2768 0.323626
2770 0.282210
2774 0.529376
2775 0.766787
2777 0.188982
2781 0.236211
2785 0.408831
2787 0.423537
2790 0.571758
2794 0.426284
2797 0.150000
2799 0.194902
280 0.284164
2801 0.304467
2805 0.328852
28 0.758457
2809 0.351782
2811 0.382328
2814 0.530009
2815 0.336385
2818 0.150000
2819 0.424193
282 0.694928
2821 0.347047
2822 0.631171
2825 0.157842
2828 0.321854
2830 0.350623
2831 0.408160
2834 0.365634
2838 0.171158
2843 0.153076
2844 0.151132
285 0.215726
2851 0.540591
2856 0.497958
2859 1.082052
286 0.257242
2871 0.935057
2877 0.584131
2880 0.211039
2900 0.336524
290 0.584076
2902 0.160474
29 0.268292
2909 0.419269
291 0.150000
2912 0.400726
2914 0.157982
2917 0.207375
2918 0.183977
2922 0.385364
2923 0.333257
2925 0.257403
2926 0.168898
2928 0.262794
2932 0.307086
2940 0.775367
2946 0.188038
2951 0.250457
2955 0.464117
2956 0.162161
2958 1.139959
2963 0.475419
2966 0.308877
2968 0.360905
2972 0.286803
2973 0.490785
2974 0.151132
2977 0.290805
2979 0.172706
298 0.349612
2981 0.361407
299 0.580615
2991 0.386977
2993 0.207822
2999 0.318558
3000 0.238672
300 0.185006
3002 0.349848
30 0.211682
3005 0.901833
3007 0.467630
3009 0.391021
3010 0.460366
301 0.166254
3014 0.401898
3015 0.373217
3018 0.156781
3020 0.394070
302 0.158247
3021 0.336732
3024 0.797705
3026 0.869823
3 0.263380
3027 0.664263
3028 0.562093
3029 0.381216
3030 0.583800
3033 0.385976
3034 0.947029
3036 0.153355
304 0.284211
3050 0.151132
3056 0.151132
3059 0.401444
306 0.179602
3068 0.151132
3073 0.284715
308 0.312210
3082 0.150000
3084 1.205618
3089 1.903136
3092 0.414344
3099 0.233475
310 0.352713
3103 0.444060
3105 0.150824
3106 0.303250
311 0.338859
3114 0.321940
3117 0.692232
3125 0.587457
3126 0.154855
3130 0.567013
313 0.363011
3136 0.497343
3138 0.150000
3140 0.527458
314 0.181729
3144 0.371950
3145 0.173558
3148 0.318199
3150 0.230081
3155 0.165510
3164 0.257242
317 0.311166
3173 0.264644
3180 0.356875
319 0.184201
3191 0.300358
3192 0.724071
3193 0.159828
3200 0.206380
32 0.190621
321 0.265136
322 0.347779
3235 0.151132
3237 0.151772
3238 1.176966
324 0.155435
3243 0.170302
3245 0.150000
325 0.260031
3251 0.369290
3253 0.559404
3255 0.150000
3258 0.393100
3260 0.887238
3265 0.711719
3274 0.316056
3276 0.386745
3284 0.496601
3291 0.488017
3293 0.589565
3297 0.223116
3301 0.150000
3307 0.405292
3309 0.301610
3310 0.322405
3313 0.157321
3319 0.167231
3320 0.155996
332 0.313963
3321 0.894177
3324 0.154487
3334 0.873042
3338 0.254014
334 0.259424
3346 0.287404
3348 0.235429
3351 0.399454
3352 1.650267
3371 0.415439
3376 0.158218
338 0.172162
3381 0.350823
339 0.207270
3393 0.288802
3394 0.674747
34 0.190322
3404 0.494994
3408 0.669713
341 0.166843
3417 0.483415
3433 0.300585
3435 0.326331
3439 0.741454
3443 0.840840
3447 0.449101
3452 0.492851
3453 0.385213
3454 0.834812
3455 0.266764
3456 1.642398
3458 0.371107
3459 0.994425
3460 0.370472
346 0.298472
3463 0.153112
3464 0.258217
3465 0.162043
3473 0.538362
3479 0.226998
3480 0.500847
348 0.262343
3483 0.171697
3486 0.155167
3489 0.365561
349 0.187580
3498 0.957508
350 0.373893
3506 0.168310
35 0.932219
3516 0.527198
3520 0.190129
3529 0.594029
3537 1.196590
3538 0.161102
3541 0.210045
3547 0.151132
3548 0.174193
3554 0.205888
3557 0.271424
356 0.412177
3562 0.912332
3567 0.170090
3568 1.068653
3576 0.181737
3580 0.425444
358 0.159754
3586 0.465026
3587 0.319282
359 0.164946
3592 0.182589
36 0.230738
3607 0.413901
3609 0.153567
3614 0.306604
3615 0.824833
3616 0.150000
362 0.479682
3629 0.150000
363 0.565842
3631 0.521264
3634 0.636894
3635 0.439411
3643 0.659349
3645 0.655049
3646 0.166201
3650 0.684451
3660 0.432831
3661 0.333188
3664 0.329722
3670 0.230817
3680 0.456774
368 0.150000
3681 0.157601
3691 0.352846
370 0.392433
3701 0.150000
371 0.324270
3713 0.150000
3717 0.219454
3720 0.428332
372 0.354450
3724 0.370161
3726 0.421513
373 0.371160
3745 0.150000
3748 0.441709
3752 0.382062
3755 0.402633
3769 0.180358
3770 0.588366
377 0.205816
3772 0.150000
3776 0.150000
378 0.164529
3787 0.393516
379 0.194589
3792 0.360667
3796 0.736075
3797 0.150000
3800 0.474413
38 0.217104
3803 0.280009
3804 0.187177
3806 0.304804
3807 0.313198
3808 0.258230
3809 0.151582
3812 0.543983
3813 0.433440
3816 0.176746
3830 0.457027
3835 0.185296
3842 0.273008
3843 0.365759
3847 0.573740
3849 0.150000
3854 0.314300
3871 0.230783
3873 0.856391
3885 0.358367
3887 0.387929
3888 0.150000
389 0.166623
3892 0.709399
3897 1.106867
3898 0.938469
390 0.170462
39 0.234889
3903 0.487657
3910 0.484730
391 0.358199
3911 0.157879
3912 0.150000
3919 0.211157
392 0.184459
3922 0.180399
3926 0.354788
3937 0.336871
394 0.261897
3946 0.344524
3956 0.240142
3958 0.380068
396 0.203626
3962 0.832226
3967 0.247316
3969 0.274258
3970 0.571863
3971 0.150000
3973 0.155196
3976 0.517164
3980 0.153355
4009 0.152805
4011 0.857298
4013 0.333276
4014 0.154394
402 0.320302
4021 0.443090
4024 0.167551
403 0.314213
4031 0.150987
4037 2.046997
4040 0.902748
4041 0.425783
4043 0.372307
4044 0.331041
4047 0.155589
4049 0.155728
405 0.299299
4051 0.180615
4055 0.401405
4058 0.174372
406 0.174745
4065 0.297531
4068 0.150000
407 0.583820
4071 0.827563
4072 0.416799
4078 0.260870
4088 0.171653
4098 0.294043
4099 0.816904
4103 0.503696
4110 0.716293
4111 0.163934
4117 0.162886
4124 0.714955
4127 0.182071
4134 0.193728
4138 0.321396
415 0.415040
4162 0.433756
4168 0.150000
417 0.605639
4173 0.158564
4175 0.438525
4179 0.616517
4181 0.177216
4188 0.155728
4189 0.222072
419 0.150000
4191 1.467927
4199 0.252231
4201 0.377931
421 0.155321
4211 0.150000
4212 0.610234
4216 0.150000
4219 0.175058
4220 0.150000
422 0.234324
4231 0.150000
4233 0.357299
4234 0.255953
4235 0.150000
4237 0.150000
4247 0.511137
425 0.310625
4256 1.005158
4261 0.647689
4263 0.377519
4264 0.150000
4266 0.497749
4269 0.446614
427 0.163906
4276 0.187495
428 0.218516
4289 0.397332
4290 0.477316
429 0.215888
4297 0.414541
4298 0.199650
4299 0.496314
4310 1.212462
431 0.249647
4311 0.155728
4315 0.380476
432 0.345777
4323 0.284749
433 0.224809
4331 0.165959
4335 1.443280
4338 0.423062
4341 0.345754
4349 0.559073
435 0.222811
4351 0.165820
4355 0.195715
4359 0.150000
4361 0.421534
4365 0.392821
4373 0.356708
4384 0.351826
439 0.571805
4400 1.000225
440 0.218781
4401 0.312136
4402 0.176290
4412 0.180224
4413 0.150000
4417 0.340346
4422 0.269703
4424 0.382251
4432 0.339867
4435 0.376374
4441 0.150000
4448 0.625390
4453 0.198036
4463 0.460800
4466 0.156660
4468 0.197256
447 0.195140
4471 0.157734
4480 0.257381
4482 0.247724
4483 0.500297
4485 0.671733
4488 0.289193
4500 0.217597
4507 0.182028
4510 0.630191
4527 0.402245
4528 0.454980
4529 0.210471
4530 0.582373
4531 1.013536
4534 0.478039
4536 0.746377
4541 0.150000
4547 0.384591
4551 0.428844
4552 0.150000
4557 0.239859
4574 0.458111
4578 0.665937
4587 0.494142
4588 0.188388
4600 0.685990
4604 0.262422
4605 0.150000
4613 0.240693
4620 0.150000
4625 0.155278
4631 0.150000
4632 0.442692
4639 1.038759
4645 0.200122
4646 0.335877
4648 0.168209
465 0.581605
4653 0.496337
4654 0.151785
4661 0.927478
4662 0.338880
4666 0.749102
4677 0.160231
4687 0.383686
4689 0.409924
4706 0.322797
4709 0.686237
4712 1.658939
4713 0.295753
4715 0.418679
4717 0.474491
4719 0.514289
4728 0.326685
4735 1.271334
4748 0.385550
4764 0.284293
477 0.150000
4776 0.174393
4777 0.256694
4778 0.153355
4781 0.412164
4786 0.162243
4791 0.276926
4792 0.706339
4795 0.472367
4796 0.598923
4797 0.239855
4798 0.872036
4808 0.307835
4811 0.353884
4814 0.247765
4815 0.151785
4820 0.296296
4822 0.165128
4824 0.418424
4827 0.736991
4828 1.212187
4831 0.160231
4846 0.417568
4866 0.155278
4875 1.010658
4876 0.246045
4879 0.151785
488 0.206002
4884 0.380331
4899 0.302396
49 0.291036
4929 0.313326
4934 0.153924
4938 0.302387
4940 0.604024
4942 0.155281
4944 0.269011
4946 0.157978
4953 0.342119
4962 0.380859
4964 0.409379
4966 0.154802
4977 0.206077
4980 0.424024
4981 0.791815
4983 0.764918
4986 0.427967
4987 0.156707
4992 0.154802
4993 0.193844
4994 0.258979
4999 0.490637
5002 0.654749
50 0.363641
5012 0.227729
5020 0.465447
5022 0.770557
5026 0.315146
5028 0.544763
5033 0.155589
5037 0.580472
5043 0.151785
5044 0.157978
5045 0.160947
5055 0.648860
5058 0.195179
506 0.156951
5061 0.566651
5064 0.160470
5072 0.546268
5073 0.527573
5079 1.028616
5083 0.293793
5092 0.350415
5096 0.361094
5100 0.428050
5103 0.359480
5106 0.460105
5115 0.150000
5121 0.405740
5123 1.112237
5130 0.430017
5132 0.200201
5133 0.150000
5140 0.191140
514 0.153560
5144 0.446257
5148 0.273067
515 0.179354
5155 0.284688
5162 0.346811
517 0.251659
5176 0.260879
5178 0.632922
5179 0.424621
5182 0.404355
5188 0.463068
5189 0.389812
5199 0.413373
5200 0.465879
5204 0.468986
5208 0.155278
5210 0.764149
5215 0.219365
5222 0.312116
5226 0.826685
5231 0.150000
5233 0.486568
5239 0.391285
524 0.153007
5245 0.152435
5246 0.237218
5253 0.150000
5254 1.200686
5255 0.150000
5260 0.155278
5262 0.527259
5263 0.334710
5273 0.449453
5285 0.222647
5288 0.439942
5289 0.540729
5295 0.345204
5301 0.540826
5303 0.150000
5305 0.165405
5308 0.172898
5309 0.166624
5311 0.163823
5321 0.540976
5323 0.196345
5326 0.152218
5327 0.197419
5335 0.340674
5341 0.269341
5350 0.158798
5354 1.000000
5364 0.158509
5368 0.162445
5375 0.151833
5378 0.369161
538 0.189548
5384 0.290377
5392 0.228069
5393 0.155229
54 0.335545
5404 1.011350
5406 0.157670
5412 1.925070
5414 0.150000
5415 0.203528
5417 0.150000
5421 0.265122
5423 0.425047
5426 0.152218
5430 0.321686
5432 0.331968
5437 0.217001
5439 0.305781
5445 0.664101
5449 0.547790
545 0.536873
5452 0.554802
5454 0.342589
5457 0.190043
5459 0.918095
5463 0.362368
5465 0.295033
5466 0.445861
5479 0.577741
5482 0.297970
5484 0.885344
5487 0.182057
549 0.513185
5499 0.157493
5500 0.188635
5506 0.289800
55 0.609237
5509 0.271578
5511 0.193629
5513 0.158332
5514 0.150000
5524 0.747633
5527 0.386193
5529 0.488398
5539 0.159841
554 0.150000
5543 0.872795
5545 0.454108
5559 0.163886
5563 1.025104
5568 0.267385
5582 0.246138
5584 0.304445
559 0.329517
5592 0.179719
5596 0.542964
560 0.389972
5605 0.874808
56 0.690404
5614 0.298566
5620 0.159719
5624 0.468921
5626 0.259193
5630 0.160951
5631 0.150000
5637 0.287856
5638 0.179414
5639 0.167993
5640 0.226875
564 0.190951
5643 0.152532
5650 0.219121
565 0.150000
5651 0.331365
5655 0.158404
566 0.184050
5663 0.155278
5664 0.166305
567 0.216494
5671 0.508883
5679 0.150000
5680 0.406219
5683 0.474724
5684 0.593245
5693 0.595295
5697 0.421065
5701 1.000000
5705 0.153846
5714 0.525677
5721 0.306865
5732 0.264799
5737 0.269191
5738 0.221614
5739 0.485548
5743 0.578978
575 0.170152
5753 0.297037
5756 0.156065
5757 0.150000
5760 0.474208
5767 0.150000
5772 0.155282
5773 0.332769
5775 0.377823
5776 0.327323
5780 0.389236
5784 0.172562
5790 0.272714
579 0.526450
5798 0.345007
5799 0.408875
5800 0.839381
5801 0.150000
5802 0.258147
5804 0.418558
5806 0.647356
5807 0.224484
5809 0.153789
581 0.191994
5811 0.271423
5812 0.326897
5814 0.560593
5817 0.318051
5818 0.462557
5819 0.379976
5822 0.549381
5824 0.250029
5827 0.413358
5828 0.472706
5829 0.472378
5830 0.150000
5835 0.250808
5837 0.200078
5838 1.000000
5839 0.692238
584 0.276036
5844 0.386913
5848 0.384581
5850 0.217488
5860 0.155482
586 0.182703
5863 0.259341
587 0.239576
5871 0.625964
5872 0.498094
5886 0.519041
5887 0.150000
589 0.308369
5891 0.456303
5897 0.482866
590 0.291747
5902 0.440127
592 0.196668
5922 0.331145
5925 0.470118
5928 0.297217
5932 0.269736
5933 0.187387
5936 0.329785
5947 0.553654
5950 0.176088
5963 0.285797
5969 0.162620
5973 0.219347
5977 0.164048
5980 0.160259
5991 0.158486
5994 0.253027
5998 0.373514
6000 0.286012
600 0.807686
6001 0.396896
6004 0.689988
6006 1.153953
6009 1.000000
601 0.158260
6021 0.150000
6023 0.241288
6 0.246825
6029 0.262945
6032 0.438290
604 0.241433
6041 0.150000
6043 0.394611
6044 0.637494
6047 0.153021
6059 1.116279
606 0.168462
607 0.277681
6078 0.150000
608 0.402238
6083 0.150000
609 0.347138
6094 0.181474
6096 0.155861
6097 0.286133
6098 0.395483
6101 0.150000
61 0.268456
6105 0.150000
611 0.296633
6111 0.159635
6123 0.579330
6124 0.707365
613 0.327896
6148 0.388603
6151 0.338929
6156 0.473422
616 0.170166
6161 0.171552
6164 0.163480
6166 0.210689
6170 0.239706
617 0.159628
6174 0.497515
618 0.151897
619 0.150000
6198 0.180137
6218 0.255370
622 0.186318
6221 0.353765
6225 1.000000
6226 0.150000
6227 0.303038
6229 0.446478
6235 0.153355
624 0.177166
6241 0.275505
6243 0.318111
6246 0.274972
6251 0.300069
6255 0.180736
626 0.463169
6261 0.150997
6262 0.298465
6267 0.150000
6269 0.150000
6270 0.229717
627 0.254977
6272 0.284100
628 0.257582
6296 0.392488
6299 0.790792
6302 0.150000
6305 0.320848
6306 0.388881
631 0.170456
6311 0.152930
6320 0.252338
6323 0.220930
6327 0.440846
6328 0.399717
6330 0.817901
633 0.289497
6334 0.985884
6337 0.445845
6344 0.152930
6347 0.421269
636 0.281558
637 0.664664
6388 0.254453
6400 0.197086
6401 1.000000
6407 0.168860
6409 0.153789
6414 0.734278
6417 0.468243
6421 0.154480
6422 0.234836
6424 0.159581
643 0.236186
6432 0.311258
6437 0.374358
644 0.693222
6441 0.292102
6442 0.320554
6458 0.431054
6462 0.150000
6464 0.152930
647 0.282531
6472 0.155264
6474 0.161512
6481 0.481224
6491 0.151813
6496 0.490300
6498 0.376719
650 0.156404
6501 0.259807
6503 0.303044
6505 0.317078
6511 0.160004
6523 0.399405
6528 0.255733
6529 0.150000
6532 0.156059
6552 0.257160
6553 0.186249
6554 0.393891
6555 0.647152
6560 0.494907
656 0.305321
6566 0.346820
6567 0.205496
6570 0.238769
657 0.179703
6571 0.150000
6576 0.382670
658 0.180430
6589 0.219651
6590 0.155872
659 0.313628
6594 0.264920
6595 0.245479
6596 0.248091
6599 0.393485
6600 0.404846
6606 0.152402
6613 0.293718
6618 0.585707
6624 0.357143
6628 0.189921
663 0.395692
6632 0.236781
6634 2.876607
664 0.230918
665 0.607838
6661 0.153789
6663 0.157238
6665 0.597037
6668 0.150000
667 0.374051
668 0.163260
6686 0.150000
6691 0.150000
6699 0.287569
6700 0.172348
670 0.156178
6707 0.180044
6709 0.150000
6712 0.242593
6714 0.257079
6715 0.605924
6720 0.378877
6721 0.150000
6723 0.150000
6725 0.290939
673 0.262866
6736 0.199621
6737 0.237047
6739 0.428884
674 0.189533
675 0.204316
6755 0.156594
6759 0.170279
6765 0.272321
6769 0.155602
6770 0.450970
677 0.460044
6772 0.166680
6774 0.674122
6777 0.150000
6780 0.529626
6783 0.301015
6784 1.004068
6788 0.155602
6789 0.258344
6790 0.441142
6803 0.165521
6805 0.150000
6806 0.150000
6809 0.152892
681 0.170843
682 0.160154
6832 1.380094
6833 0.592612
6840 0.180044
684 0.212823
6850 0.198760
6855 0.319146
6860 0.340038
686 0.195149
6869 0.447564
6873 0.225509
6875 0.402691
6890 0.157713
6892 0.157320
6897 0.354217
6901 0.283459
6907 0.472305
691 0.213830
6913 0.717267
6914 0.734214
6918 0.324517
6923 0.150000
6924 0.228773
6930 0.470623
6933 0.155653
6934 0.523235
6938 0.157713
694 0.150000
6942 0.168441
6945 0.198453
6946 1.731545
6948 0.249429
6953 0.177238
6955 0.502885
696 0.468570
697 0.399651
6976 0.314485
6979 0.432599
6980 0.608863
6982 0.153924
6993 0.223393
6994 0.206135
6997 0.150000
700 0.165216
7005 0.333841
7012 0.437360
7021 0.644116
7023 0.150000
7033 0.150000
7040 0.206614
704 0.409473
7042 0.150000
7047 0.353178
7050 0.211375
705 0.172441
7052 0.494096
7054 0.287008
7059 0.179781
7060 0.150000
706 0.176298
7063 0.533249
707 0.233273
7073 0.283675
7074 0.160261
7088 0.230376
7092 1.384051
7094 0.247326
710 0.333803
7101 0.319908
7108 0.399547
7115 0.652387
7116 0.470756
7119 0.314857
7120 0.161462
7131 0.302964
714 0.150000
7143 0.314489
7144 0.462726
7146 0.166680
7149 0.150000
715 0.444340
7162 0.155506
7168 0.347880
717 0.165809
7185 0.182471
7186 0.156385
719 0.509210
7201 0.153924
72 0.296336
7214 0.820157
722 0.311183
7225 0.277444
723 0.344502
7233 0.347232
7237 0.317727
7238 0.301070
725 0.209230
7257 0.207019
7262 0.153924
7277 0.410304
7279 0.362577
7280 0.413038
7295 0.210385
7297 0.166305
730 0.276613
7301 0.459050
7304 0.151582
7306 0.151993
7316 0.150000
7323 0.150000
733 0.357551
7341 0.230008
7351 0.293003
7362 0.156023
737 1.455665
7373 0.268918
7378 0.303940
7381 0.456608
7386 0.254268
7389 0.293437
739 0.350280
7391 0.323683
7393 0.173561
7397 0.159808
7400 0.317616
741 0.150000
7414 0.803462
742 0.324066
7422 0.264147
7423 0.153551
743 0.171817
7436 0.154512
744 0.157325
7442 0.290736
7443 0.424469
7449 0.150000
7450 0.251020
746 0.362471
7478 0.455793
748 0.212369
7490 0.170343
749 0.306819
7491 0.150000
7495 0.150000
7497 0.237005
7498 0.150000
750 0.306224
75 0.330874
7510 0.431121
7512 0.196789
7517 0.182048
7520 0.152376
7529 0.256378
7544 0.235314
7553 1.407055
7557 0.151582
756 0.511959
7561 0.331548
7567 0.150000
7574 0.150000
7587 0.615037
7588 0.153164
760 0.411096
7604 0.156307
761 0.300157
7618 0.351418
7620 1.166488
7621 1.000000
762 1.578159
7624 0.530585
763 0.391090
7632 1.667756
764 0.471165
7642 0.150000
7646 0.303613
7647 0.185640
7649 0.648281
765 0.579654
7651 0.515588
7652 0.164633
7658 0.150000
7662 0.442800
7666 0.150000
7668 0.151540
7669 0.159808
7673 0.150000
7675 0.175784
7683 0.290291
7688 0.172628
769 0.516522
7694 0.311244
7695 0.230773
7699 0.617077
7701 0.159808
7707 0.275703
771 0.181816
7726 0.306539
7735 0.150000
7740 0.151582
7757 0.315948
7763 0.248562
7765 0.150000
7778 0.234945
778 0.150000
7788 0.320072
779 0.166010
7791 0.150000
7795 0.340588
7799 0.150000
7803 0.358678
7809 1.000499
7810 0.232509
7813 0.400574
7819 0.150000
7833 0.375189
7835 0.290722
7839 0.416244
784 0.177012
7855 0.343225
7857 0.150000
7860 0.582853
7862 0.846353
7871 0.418125
7874 0.187485
7879 0.278966
7882 0.838029
7890 0.753855
789 0.590381
7899 0.154596
7908 0.730365
7910 0.497217
791 0.156800
7912 0.441247
7921 0.151540
7924 0.209063
7927 0.419034
793 0.169490
794 0.434193
7946 0.294843
795 0.262865
7952 0.150000
7961 0.914474
7965 0.310857
797 0.150000
7973 0.150000
7979 0.378906
798 0.229610
7982 0.150000
7992 0.425662
7994 0.150000
7996 0.150000
8002 0.223500
80 0.207284
8019 0.150000
802 0.172179
8025 0.155792
8 0.253336
8028 0.150000
803 0.271362
8037 0.203196
8042 1.053217
8044 0.268583
805 0.273921
8051 0.251167
806 0.247874
8073 0.297343
8076 0.150000
8079 0.150000
8083 0.260626
810 0.182124
8121 0.534234
8122 0.192766
8124 0.221989
8128 0.296906
8130 0.150000
813 0.323678
8134 0.299758
8141 0.195214
8149 0.186533
8163 0.871995
8168 0.271899
8169 0.167887
817 0.518491
8174 0.564001
8178 0.185394
8192 0.535994
8198 0.258917
820 0.205814
8204 0.150000
8209 0.251253
8212 0.591309
8219 0.266724
822 0.187893
8224 0.294010
8226 0.150000
823 0.169601
8235 0.150000
8237 0.266108
8246 0.150000
8249 0.162587
825 0.959442
826 0.211316
8263 0.152258
827 0.179383
8276 0.180404
8277 0.155904
8282 0.160767
8283 0.305040
8284 0.235408
8285 0.155863
8286 0.150000
8287 0.237620
8288 0.150000
8289 0.153225
8290 0.532800
829 0.239671
8291 0.322962
8292 0.177912
8293 0.748598
8294 0.561311
8295 0.497779
8297 0.254458
836 0.219996
837 0.288926
838 0.224798
839 0.287619
840 0.568206
844 0.218038
849 0.231677
852 0.150000
853 0.259160
856 0.424822
857 0.590319
859 0.375222
86 0.947767
861 0.203187
863 0.534419
864 0.182499
866 0.163191
868 0.216251
871 0.321009
873 0.171725
878 0.232861
881 0.204026
882 0.164905
885 0.178781
887 0.331865
89 0.177013
893 0.288977
895 0.426786
896 0.565682
897 0.196686
904 0.276954
907 0.223288
908 0.366618
913 0.201179
918 0.201807
922 0.454267
928 0.269122
929 0.154207
930 0.304452
932 0.198456
934 0.151677
935 0.277936
936 0.212007
937 0.525487
938 0.151677
94 0.164946
941 0.575175
942 0.161451
943 0.198336
945 0.199573
946 0.298259
947 0.272776
948 0.200595
955 0.217112
956 0.198082
958 0.306160
959 0.513926
960 0.421703
963 0.222737
966 0.346103
967 0.264269
968 0.256786
971 0.254057
972 0.361961
974 0.717068
975 0.205520
977 0.278164
978 0.529051
979 0.168161
981 0.266401
982 0.262424
985 0.281948
989 0.321308
991 0.202600
993 1.557121
994 0.209185
995 0.195907
999 0.244496
