1029
1300
1478
1486
153
1532
1557
1664
167
1950
1961
2092
2234
2242
2244
2305
2362
2365
2378
2420
2484
2607
2629
2645
2650
2720
2797
2818
291
3082
3138
3245
3255
3301
3616
3629
368
3701
3713
3745
3772
3776
3797
3849
3888
3912
3971
4068
4168
419
4211
4216
4220
4231
4235
4237
4264
4359
4413
4441
4541
4552
4605
4620
4631
477
5115
5133
5231
5253
5255
5303
5414
5417
5514
554
5631
565
5679
5757
5767
5801
5830
5887
6021
6041
6078
6083
6101
6105
619
6226
6267
6269
6302
6462
6529
6571
6668
6686
6691
6709
6721
6723
6777
6805
6806
6923
694
6997
7023
7033
7042
7060
714
7149
7316
7323
741
7449
7491
7495
7498
7567
7574
7642
7658
7666
7673
7735
7765
778
7791
7799
7819
7857
7952
797
7973
7982
7994
7996
8019
8028
8076
8079
8130
8204
8226
8235
8246
8286
8288
852
7899
302
1970
2340
3105
7397
7669
7701
6491
4466
4009
4173
4111
359
94
934
938
618
6472
6261
2247
6809
2121
7668
7921
5375
389
4031
3237
670
8263
5643
6606
1569
2112
524
2571
7520
1716
1657
1092
2843
8025
791
8289
7306
421
2133
2501
2647
2844
2974
3050
3056
3068
3235
3547
2101
6532
1833
650
2670
5326
5426
929
324
358
1485
4654
4815
4879
5043
514
3809
7304
7557
7740
2902
108
3592
2366
668
779
2277
5705
3816
823
7423
4078
506
6759
617
4014
7688
2736
2426
392
6047
1678
624
4942
341
6311
6344
6464
5245
5980
3463
657
1323
6421
8285
3973
866
7588
7362
5756
1687
5860
601
700
3036
3980
4778
6235
3126
2928
349
8282
882
682
3609
301
705
5809
6409
6661
1024
1984
1507
6769
6788
2205
6755
168
7436
942
4934
6982
7201
7262
606
1282
246
1277
3324
8277
338
793
1114
5772
219
6096
1038
631
681
3486
684
6424
3018
427
4625
4866
5208
5260
5663
2294
3193
4966
4992
273
2007
5393
34
3320
6663
140
3313
3681
3911
4987
822
686
1884
4471
743
5499
7162
6933
2055
406
163
2838
628
1563
6892
717
232
5539
4047
5033
616
5969
127
4946
5044
306
744
378
1326
7604
4049
4188
4311
6590
5655
3145
5977
586
5513
7186
258
1441
1321
1220
390
5406
3538
1144
979
1154
5630
4117
566
1160
706
2914
1819
3483
3243
575
89
274
5064
2956
995
8283
4786
945
3465
2825
2348
885
3376
319
5350
3319
538
592
784
1196
2281
6890
6938
1861
613
5738
802
2182
5620
868
7074
1537
1732
5364
658
1074
6511
1128
873
810
1596
150
2575
6164
5311
314
771
674
5991
8249
1600
6803
2993
6111
224
564
581
1039
3506
3155
1689
725
300
7675
183
2354
864
1915
6474
994
849
1100
377
7393
6161
3646
7652
829
4822
2499
339
154
226
2386
675
5305
5045
932
7120
2724
2202
1221
80
5664
7297
5559
5368
216
1531
2060
918
955
257
1757
1141
627
429
1030
5639
820
3200
379
1432
19
1152
3804
1168
2781
8169
6772
7146
3576
604
4677
4831
4993
39
798
844
1793
2979
447
1490
5784
643
5309
607
956
2926
991
943
192
515
4051
1007
428
236
488
1619
567
878
1597
7647
6407
622
707
261
936
1669
4776
2206
1604
151
6255
4088
175
3567
8292
948
396
2085
1991
7490
1983
255
2589
1791
36
806
5950
228
2165
861
1629
132
1780
8276
4058
1865
913
748
584
4024
6700
1493
4181
4219
963
440
5308
3835
4351
8141
4648
1023
5592
325
4331
2181
6094
348
4276
252
2168
6942
3520
2072
2091
2946
182
5511
897
286
664
1595
1985
1043
1649
1513
673
2185
1768
1628
1259
3548
7059
371
6320
280
1241
310
2917
2799
321
590
1662
1618
1418
1080
981
1506
730
6198
4298
135
1075
746
1396
1864
836
6
6953
1556
7517
8178
827
1752
1730
322
4977
5638
2918
4402
2307
826
5323
394
5487
4127
7185
1137
2604
3769
2777
3
1920
5500
2097
6553
7874
1550
5933
5140
1032
656
1692
2178
3922
1402
3554
334
1672
999
50
4507
3808
1707
4412
2880
29
1979
1652
8122
7040
1583
5457
1055
907
904
6707
6840
5640
1407
6400
1389
749
1880
1218
1468
1564
1420
4134
1203
1520
7695
1444
881
839
1518
2770
2416
2991
1747
370
317
1375
1382
1901
795
6993
853
803
982
8037
971
2129
5058
1372
2095
285
3871
1837
402
1124
636
4453
1714
975
1501
7512
1131
517
989
1446
1140
362
4355
32
2241
1524
4189
4588
304
2053
1534
5327
8149
2397
7924
6850
432
1857
5415
1587
587
3348
3919
691
6628
3099
178
5132
805
3150
1848
928
2342
7257
838
1548
1425
4791
2490
4468
1935
30
7050
977
1062
5392
966
1411
7295
5837
1190
308
1849
8198
2580
985
1641
1777
2479
6736
1442
1471
611
23
2333
4645
2137
5215
435
38
6166
2821
6873
372
750
433
739
4480
3164
2475
1973
1525
6596
391
5850
6595
1296
1610
3717
431
1805
1555
4199
3541
2369
5650
2109
715
1733
5012
972
7442
1006
363
6994
8284
2977
2951
1592
3073
647
3338
742
1823
723
1487
422
5437
5973
1774
227
1230
405
2687
6737
8124
7763
3346
4529
1034
5285
1464
6589
958
1858
2106
2332
311
1097
1987
5824
8002
2721
373
2599
6567
8
1394
6714
3806
1419
2119
75
559
5246
105
1963
761
155
1580
8287
7810
3670
6712
1573
1439
5817
1236
7047
7778
733
8237
4098
7544
1927
3479
3297
4234
1613
2116
1746
1315
6422
1972
589
6323
1286
2004
1413
4814
1222
3956
7879
4797
61
4500
3967
1377
893
5835
1261
1603
7389
1969
946
1542
947
6528
2764
710
2662
1783
6632
3000
5802
1648
8219
6570
5807
1014
1476
1111
3433
7094
1653
5994
1718
2273
7341
722
1903
887
2341
4557
813
1654
935
1000
2754
837
3946
7088
2763
871
2253
2617
7529
2350
2076
2014
54
8051
1997
1322
968
1953
4646
2685
6503
5341
6552
6270
1964
659
1061
3464
6948
1489
8291
6029
1393
4613
2570
1248
8168
7497
1053
3557
560
4482
4422
6789
1243
332
4876
4994
704
8044
6594
633
3173
3455
6945
259
1390
6388
1279
3969
2285
1658
5384
6170
8083
1758
2550
298
5582
1908
3393
5162
7386
2765
1123
1353
6241
5626
2356
2618
313
667
7450
2073
6262
7707
2345
794
1319
4604
152
346
4323
1680
5863
350
72
1816
1798
1701
719
763
1253
6720
5732
171
6218
2157
5790
1285
2801
7803
5222
2193
960
356
697
4728
5176
6001
6251
4777
4488
1234
6725
1547
2972
1749
2329
663
6246
8134
895
3002
6501
2768
5568
8297
859
3803
3021
1250
2385
403
2809
2828
7422
3842
1788
1497
2623
1811
4820
2713
2597
5083
5509
7835
4417
7073
2587
425
2620
2925
5811
49
5963
5092
756
760
4944
3114
5637
2246
2669
4713
6023
1164
7225
1566
2999
2400
1360
5584
5148
5614
2966
4808
7373
1802
609
1855
6901
3191
967
6897
7054
6976
1521
2339
282
6765
3309
3854
7233
2612
5737
7965
4764
4938
1965
4373
5721
5454
5263
8224
3587
6151
2592
1201
1772
6699
5928
1428
7005
2338
7757
6097
1679
3381
2696
7378
2326
817
230
5506
6227
3661
6000
1792
5922
2708
626
5155
3148
1044
3435
7351
1781
3251
2507
2384
930
1247
3664
1284
299
677
8073
789
2922
407
857
7143
4929
3009
2805
696
579
4953
3614
5026
5753
7946
4435
5482
7400
2815
3310
8209
665
7561
2700
1185
2834
2932
7795
1538
7279
5378
1374
6855
4424
4201
5430
549
4110
7694
2830
2062
908
1484
243
6243
7646
1157
4706
2689
5465
3274
4044
2579
4384
7237
2923
1330
415
3136
4065
1127
2605
1191
7238
6148
7119
3106
2511
5936
1621
2968
2258
1200
6924
6442
3371
5925
4899
3807
7131
545
3755
3458
7101
1859
4401
3787
7788
4432
1239
6739
5651
1482
3033
5439
5932
3489
1787
4315
7726
6441
863
5891
5432
1465
2760
4662
7618
1384
4263
5773
1697
3020
6305
3351
6613
2877
6432
6875
1193
3460
2560
2643
1035
1744
3010
1291
2016
5335
3724
4962
3887
5239
2544
7927
2252
1031
1622
4013
1125
1608
6221
1018
6554
5295
3926
2900
2963
3937
4233
4297
2135
1888
3453
2981
3029
3307
5421
5545
4138
5812
7168
2209
6272
1412
6930
1305
2674
3958
6624
7277
1977
5103
55
769
6505
2290
2325
2001
3691
5121
7855
4811
6599
2665
1378
2595
2257
4796
1151
922
6600
6566
6860
1593
3885
2811
1769
3180
2785
3140
3843
3144
3258
2794
2819
7662
5827
959
3830
2128
978
1267
4043
1307
4055
4289
1159
1514
2912
2231
439
5798
7144
5776
2071
856
6918
6783
8290
4365
3726
4687
2410
6576
1814
5463
5998
3276
1646
1717
3680
2375
6229
2787
1956
1808
5775
250
7683
1966
2151
6770
764
1700
3014
2747
6498
937
1835
6296
7391
1706
6328
3059
5199
7833
2856
4986
3015
4269
8128
2079
7301
1416
3792
2102
4527
5819
1103
5144
6098
2160
5844
2547
4547
1496
2707
1199
6523
5452
4072
1385
5780
1705
4463
941
608
1565
5182
1799
3607
2955
5189
2831
7979
4715
3748
3092
4964
1352
3284
3660
5897
5179
1022
3103
6347
5683
6043
1637
2909
6934
4175
6306
637
5680
2322
5739
4338
6955
1723
7813
4534
3480
3847
2686
2646
2211
2510
6174
765
5106
1156
7871
7839
2973
5423
3813
2324
4748
2697
3417
3473
5527
5848
5288
4162
4846
4689
3130
4021
7478
3007
5799
4781
5828
1165
2174
4266
5697
4361
1167
3529
6437
5301
1836
2371
1729
4341
56
3447
6869
1893
1847
7992
1571
6979
2667
4884
6980
4041
2542
2435
2655
5100
3580
1734
5818
2814
5188
4551
3635
5902
5130
7649
2240
5204
4510
214
4980
6481
3634
7443
3408
5479
7108
2593
5804
3452
1403
2225
4247
4824
2517
5624
2433
7381
5096
5829
3720
6458
5466
86
1661
7012
4528
3752
7624
8212
3291
28
5321
4719
1049
6327
3404
7052
5233
290
3253
4574
6337
1498
600
1492
3516
7280
5872
6790
1918
5200
5529
4587
7912
5273
1453
4999
3631
2411
5886
4795
6560
2364
1990
5020
5760
3586
7510
4717
3976
2276
3903
7651
4290
2456
6032
417
5210
2470
1473
35
204
8295
1992
5055
5947
3910
3970
6907
3800
2264
4299
3643
3293
4179
4632
1842
5073
5061
4261
1585
5262
2506
2114
6417
7063
2693
4653
6774
2289
1026
5449
6496
5072
2251
2851
1919
2774
7116
465
4940
2440
5822
3812
1357
5289
2727
2381
6156
5714
1186
3027
5445
5671
271
4530
7910
6555
5814
1638
3028
4483
8192
840
3192
8121
5871
8294
4448
6123
6833
2120
6780
7699
5806
8293
2508
2297
896
1688
3645
5596
8174
6914
1211
2822
5743
7587
3125
2790
2256
3615
3892
3117
7115
4600
6715
1166
5037
2474
4349
2654
5693
6618
3030
2660
1982
2210
3650
4485
5839
1726
4011
974
5684
644
3443
7890
4709
2619
6044
2504
4792
5178
6004
4666
4124
6913
3024
3026
6665
2223
5028
3439
3770
2145
7860
3796
7021
5002
3394
2323
4578
1437
4103
2134
7414
1633
2653
2940
2658
4071
1310
2775
5524
2144
6414
7908
2585
3265
4536
3321
6299
4827
4212
5022
5226
4099
2117
7961
6124
2871
3898
5543
7214
3005
2594
3459
4661
4983
2657
2237
2535
3562
5800
4400
5459
2516
3454
2485
2651
4981
993
5605
3897
5484
2576
6784
4040
4256
3334
3034
2565
3962
4875
825
1754
3498
5079
3537
7862
7809
3568
5404
2958
3260
4531
2746
5123
7620
3873
7553
4735
5254
7882
3238
4798
4335
762
1297
5563
7092
2859
1549
6832
4310
737
2328
3084
4828
4191
8163
3352
2066
3456
15
3089
8042
7632
4712
5412
4037
2398
2625
6330
6006
6946
6334
6634
1192
1533
5354
5701
5838
6009
6225
6401
7621
4639
6059
