1029
1300
1478
1486
153
1532
1557
1664
167
1950
1961
2092
2234
2242
2244
2305
2362
2365
2378
2420
2484
2607
2629
2645
2650
2720
2797
2818
291
3082
3138
3245
3255
3301
3616
3629
368
3701
3713
3745
3772
3776
3797
3849
3888
3912
3971
4068
4168
419
4211
4216
4220
4231
4235
4237
4264
4359
4413
4441
4541
4552
4605
4620
4631
477
5115
5133
5231
5253
5255
5303
5414
5417
5514
554
5631
565
5679
5757
5767
5801
5830
5887
6021
6041
6078
6083
6101
6105
619
6226
6267
6269
6302
6462
6529
6571
6668
6686
6691
6709
6721
6723
6777
6805
6806
6923
694
6997
7023
7033
7042
7060
714
7149
7316
7323
741
7449
7491
7495
7498
7567
7574
7642
7658
7666
7673
7735
7765
778
7791
7799
7819
7857
7952
797
7973
7982
7994
7996
8019
8028
8076
8079
8130
8204
8226
8235
8246
8286
8288
852
7899
1970
2340
3105
6491
302
4009
4466
7397
7669
7701
934
938
4173
618
6261
4111
6472
2121
6809
359
94
7668
7921
5375
4031
2247
3237
8263
5643
670
6606
389
524
1716
7520
1657
1092
2843
8289
2112
8025
7306
2133
2501
2647
2844
2974
3050
3056
3068
3235
3547
791
421
2101
6532
1833
650
1569
2571
5326
5426
929
324
2670
1485
4654
4815
4879
5043
358
3809
7304
7557
7740
514
2902
108
2366
668
2277
5705
3592
779
7423
823
3816
506
4014
617
2736
6759
7688
2426
6047
1678
4942
6311
6344
6464
5245
3463
5980
392
341
6421
1323
624
8285
3973
657
866
7588
7362
5756
1687
4078
5860
601
3036
3980
4778
6235
3126
700
8282
3609
882
682
301
349
5809
6409
6661
705
1984
1507
6769
6788
7436
6755
2205
942
4934
6982
7201
7262
3324
606
168
1277
8277
246
2928
1114
1282
338
5772
793
6096
3486
1024
631
1038
681
6424
3018
4625
4866
5208
5260
5663
219
427
4966
4992
2294
3193
2007
5393
3320
6663
684
273
3681
3313
3911
140
4987
1884
34
4471
5499
7162
6933
2055
743
822
6892
686
2838
163
406
5539
4047
5033
717
4946
5044
232
5969
744
616
1563
127
378
4049
4188
4311
6590
306
7604
5655
1326
7186
5513
5977
3145
1441
5406
586
390
1220
1321
3538
628
979
4117
5630
1154
2914
1819
1160
706
3483
3243
575
566
1144
5064
258
2956
274
89
2825
4786
3465
3376
995
2348
5350
885
3319
945
319
6890
6938
538
784
2281
5620
802
592
1861
1196
7074
5364
1537
2182
1074
6511
1732
658
873
1128
5738
868
8283
2575
1596
6164
810
5311
150
5991
314
771
8249
674
6111
6803
1600
613
2993
3155
3506
564
1689
224
581
2354
7675
300
6474
183
1915
864
1100
725
1039
3646
4822
7393
7652
6161
994
377
2386
2499
849
5045
5305
226
7120
2724
339
154
5664
7297
2202
829
675
5559
932
5368
1221
80
2060
1531
216
918
257
5639
1141
1757
955
1030
379
820
429
1432
3200
1168
8169
1152
3804
627
6772
7146
19
3576
4677
4831
2781
2979
4993
447
5784
5309
844
798
604
1490
39
1793
2926
643
956
192
515
943
991
4051
607
428
1007
236
1619
488
6407
1597
7647
622
567
4776
2206
878
1604
1669
936
707
6255
4088
261
175
3567
8292
7490
1983
948
1991
151
396
2085
2589
1791
5950
36
2165
228
806
861
255
1629
132
4058
1780
8276
1865
4024
6700
913
1493
4181
748
4219
5308
4351
3835
4648
440
963
4331
5592
8141
584
1023
2181
6094
4276
325
6942
3520
2168
252
2072
348
2946
5511
2091
897
1985
1595
182
664
1043
1649
286
1768
3548
1513
1628
7059
1259
673
1241
2917
2799
6320
280
2185
371
321
1618
1662
590
6198
1418
4298
310
1506
981
1080
1075
1396
730
6953
7517
827
8178
836
1864
6
1752
1556
1730
5638
4977
2918
4402
2307
135
5487
4127
5323
746
826
3769
7185
2604
2777
394
1137
1920
322
5500
6553
2097
3
7874
5933
1550
5140
3922
1032
2178
1692
1402
3554
656
1672
4507
4412
334
999
1707
3808
2880
1979
1652
29
8122
1583
7040
5457
1055
907
50
6707
6840
6400
5640
1407
1389
904
1880
4134
1564
1468
1218
1203
749
1420
1520
881
7695
1444
2416
1518
1747
1901
1382
2770
839
1375
6993
2129
795
317
5058
853
8037
982
803
971
1372
2991
370
285
1837
4453
3871
2095
1124
1714
975
7512
636
402
1131
32
4355
1501
517
1140
2241
4588
1524
1446
4189
989
5327
8149
2053
1534
304
7924
6850
2397
1857
362
5415
1587
691
587
3919
3348
6628
5132
432
3099
3150
2342
7257
838
805
178
2490
928
4468
1848
1548
1935
30
1425
7050
4791
5392
977
5837
7295
1062
2580
1411
966
1190
308
1849
6736
8198
985
1777
2479
1641
1471
4645
23
611
2333
1442
2137
435
38
5215
6166
6873
433
2821
3164
4480
750
1973
2475
372
5850
6596
739
6595
1525
3717
1610
431
1805
1296
391
3541
5650
1555
2109
4199
1733
5012
2369
7442
6994
1006
8284
972
715
2951
2977
1592
3338
1823
422
647
5437
3073
5973
2687
4529
723
742
1230
1774
8124
1487
6737
405
363
5285
7763
1034
6589
3346
227
1464
958
2332
2106
1858
1987
2721
8002
311
1097
5824
6567
2599
8
6714
1394
2119
1419
373
5246
3806
105
8287
75
761
3670
7810
559
1580
155
1963
6712
1439
7778
1573
5817
8237
1236
3479
7544
3297
4098
733
1927
4234
7047
2116
1746
1613
6422
1315
6323
589
2004
1286
4814
3956
1972
1222
4797
4500
3967
1413
61
7879
893
5835
1377
1261
1969
947
946
1542
1603
7389
6528
2662
2764
1783
6632
710
3000
5802
1648
6570
5807
8219
1653
5994
7094
1476
1014
1111
2273
7341
3433
722
1718
4557
2341
887
935
1903
813
7088
1654
1000
2754
837
2253
3946
2617
2763
871
2014
2350
7529
8051
2076
968
54
1997
1953
1322
5341
4646
6503
6270
2685
1061
6552
3464
1964
659
2570
6948
4613
6029
1393
8291
7497
1489
1248
8168
4482
3557
4876
4422
1053
4994
6789
1243
332
8044
3173
633
560
6594
3455
6388
704
3969
1390
2285
6170
1658
259
1279
8083
5384
1758
2550
6945
5582
298
3393
1908
7386
2765
5162
1353
6241
2356
5626
2618
1123
7450
2345
7707
2073
313
6262
667
4604
1319
346
794
4323
5863
152
1680
72
1798
1816
350
5732
1701
6218
763
5790
2801
1285
6720
171
1253
719
5222
2157
7803
5176
4728
960
4777
2193
6251
356
697
4488
2972
1547
6725
1234
2329
1749
6001
6246
8134
6501
663
3002
5568
8297
895
2768
3803
1250
859
3021
403
2385
2809
2828
7422
3842
4820
2597
2623
2713
5083
1788
5509
2587
2925
7073
425
7835
2620
4417
49
1811
5811
5963
1497
4944
5092
3114
5637
2669
2246
760
6023
4713
756
7225
1164
5148
2999
5584
2966
1360
5614
7373
4808
2400
1566
609
6901
967
3191
1802
7054
1521
6976
6897
2339
3309
6765
3854
1855
5737
2612
4764
4938
7233
7965
5721
1965
4373
5454
5263
3587
2592
6151
6699
5928
8224
282
1772
1201
2338
6097
1679
7757
7005
2696
2326
1428
7378
3381
5506
6227
1792
230
3661
2708
6000
5922
5155
817
3148
626
3435
7351
1044
1781
2507
3251
930
2384
3664
1247
1284
8073
677
2922
7143
4929
2805
3614
4953
299
3009
5026
5753
5482
7946
696
789
2815
407
7400
579
857
3310
4435
2700
1185
7561
2932
2834
7795
8209
7279
6855
5378
5430
4201
665
4424
1374
7694
1538
2830
908
7646
1157
6243
1484
549
243
4706
5465
3274
2689
4044
2062
4384
2579
2923
4065
7237
2605
415
4110
1330
7238
1127
3136
7119
1191
3106
2511
2968
6148
5936
1621
6924
6442
2258
4899
3371
1200
3807
5925
7131
3755
3458
545
7101
4401
3787
7788
4432
1859
5651
1239
3033
5439
3489
7726
1482
6739
4315
1787
5932
5432
2760
1465
4662
7618
5891
863
4263
5773
6441
3020
6305
6432
3351
1384
6875
3460
1697
6613
2560
2877
1744
1193
1035
1291
2016
5335
2643
2544
3724
3010
4962
3887
5239
4013
2252
7927
1622
6221
1608
3926
5295
1031
6554
1125
2900
3937
4233
1018
2963
5421
2981
2135
3029
3453
4297
4138
3307
1888
7168
2209
5545
1412
2674
1305
6272
5812
6930
3958
6624
7277
5103
1977
769
2290
2325
55
6505
2001
3691
7855
4811
5121
2595
6599
2257
1378
2665
1151
6566
6860
922
3885
6600
4796
2811
1769
1593
3180
3843
3144
2785
3258
2794
2819
3140
5827
959
7662
4043
3830
1307
4055
2128
1267
978
4289
1159
2912
2231
5798
1514
7144
439
856
5776
2071
4365
6918
3726
4687
5463
1814
8290
2410
6783
3276
5998
3680
2375
6229
6576
1646
1717
2787
1808
5775
1956
7683
250
764
3014
1966
2747
2151
1700
6770
6498
937
1706
6296
7391
1835
3059
6328
7833
5199
2856
3015
8128
4269
4986
2079
1416
3792
2102
7301
4527
5819
6098
5144
2160
1103
5844
4547
2547
2707
4072
6523
1199
1385
5780
1496
5452
4463
608
1705
1565
941
1799
5182
3607
5189
2955
2831
3092
3748
4715
4964
7979
3660
1352
3284
5897
5179
3103
1022
6347
6043
2909
5683
1637
4175
6306
6934
5680
637
2322
4338
5739
7813
1723
4534
6955
2646
3480
2510
2211
2686
5106
3847
7871
6174
1156
765
7839
2973
5423
3813
2324
2697
5848
3417
5527
3473
4748
4162
5288
4846
4689
4021
3007
7478
4781
3130
5828
5799
4266
1165
2174
4361
5697
3529
1167
4341
2371
1836
6437
1729
5301
3447
6869
56
1571
1847
2667
7992
1893
6979
4884
4041
2542
6980
2435
3580
2655
5100
1734
2814
3635
5188
5818
4551
5902
5130
2240
5204
4980
4510
7649
214
2593
3634
1403
5479
3452
3408
2225
4824
6481
2517
7443
4247
7108
5624
5804
5096
7381
3720
5829
5466
4528
7012
3752
2433
1661
3291
6458
7624
8212
4719
5321
86
1049
28
3404
6327
5233
290
4574
6337
3253
7052
1498
3516
1492
600
7280
6790
1918
5872
5200
5529
7912
5273
4587
2411
4999
1453
3631
5886
4795
6560
2364
1990
5020
5760
3586
4717
3976
7510
2276
3903
7651
4290
2456
6032
417
1473
2470
204
8295
3910
5210
1992
5947
3970
5055
35
3800
6907
4299
2264
4632
4179
3293
3643
1842
5073
5061
4261
2506
5262
6417
1585
2114
7063
2693
4653
5449
6774
2289
1026
5072
6496
2251
2774
2851
1919
465
7116
4940
2440
3812
5822
1357
2727
5289
2381
6156
3027
5445
5671
5714
1186
4530
7910
6555
5814
1638
271
3028
8192
840
4483
8294
8121
3192
4448
6123
5871
6833
2120
6780
5806
2508
8293
7699
2297
896
3645
1688
8174
5596
2822
6914
5743
1211
7587
3125
2790
2256
3892
3615
3117
7115
4600
6715
1166
5037
2474
4349
5693
2654
3030
6618
2660
2210
1982
3650
4485
5839
1726
974
4011
5684
644
3443
7890
2619
6044
4709
4792
2504
5178
6004
4666
4124
6913
3024
6665
3026
2223
5028
3439
3770
2145
7860
3796
7021
3394
5002
4578
2323
1437
4103
2134
7414
2653
2658
1633
1310
2940
2775
4071
5524
2144
6414
7908
2585
3265
4536
3321
6299
4212
4827
5022
5226
4099
2117
7961
6124
2871
3898
5543
7214
3005
2594
4661
3459
4983
2657
2237
3562
2535
5800
4400
5459
2516
3454
2485
2651
4981
993
5605
5484
2576
3897
6784
4040
4256
3334
3034
2565
3962
825
4875
1754
3498
5079
3537
7862
7809
3568
5404
2958
3260
4531
2746
5123
7620
3873
7553
4735
7882
5254
3238
4798
4335
762
1297
5563
7092
2859
1549
6832
4310
737
2328
3084
4828
4191
8163
3352
2066
3456
15
3089
8042
7632
4712
5412
4037
2398
2625
6330
6006
6946
6334
6634
1192
1533
5354
5701
5838
6009
6225
6401
7621
4639
6059
