1029 0.0000178635
1300 0.0000178635
1478 0.0000178635
1486 0.0000178635
153 0.0000178635
1532 0.0000178635
1557 0.0000178635
1664 0.0000178635
167 0.0000178635
1950 0.0000178635
1961 0.0000178635
2092 0.0000178635
2234 0.0000178635
2242 0.0000178635
2244 0.0000178635
2305 0.0000178635
2362 0.0000178635
2365 0.0000178635
2378 0.0000178635
2420 0.0000178635
2484 0.0000178635
2607 0.0000178635
2629 0.0000178635
2645 0.0000178635
2650 0.0000178635
2720 0.0000178635
2797 0.0000178635
2818 0.0000178635
291 0.0000178635
3082 0.0000178635
3138 0.0000178635
3245 0.0000178635
3255 0.0000178635
3301 0.0000178635
3616 0.0000178635
3629 0.0000178635
368 0.0000178635
3701 0.0000178635
3713 0.0000178635
3745 0.0000178635
3772 0.0000178635
3776 0.0000178635
3797 0.0000178635
3849 0.0000178635
3888 0.0000178635
3912 0.0000178635
3971 0.0000178635
4068 0.0000178635
4168 0.0000178635
419 0.0000178635
4211 0.0000178635
4216 0.0000178635
4220 0.0000178635
4231 0.0000178635
4235 0.0000178635
4237 0.0000178635
4264 0.0000178635
4359 0.0000178635
4413 0.0000178635
4441 0.0000178635
4541 0.0000178635
4552 0.0000178635
4605 0.0000178635
4620 0.0000178635
4631 0.0000178635
477 0.0000178635
5115 0.0000178635
5133 0.0000178635
5231 0.0000178635
5253 0.0000178635
5255 0.0000178635
5303 0.0000178635
5414 0.0000178635
5417 0.0000178635
5514 0.0000178635
554 0.0000178635
5631 0.0000178635
565 0.0000178635
5679 0.0000178635
5757 0.0000178635
5767 0.0000178635
5801 0.0000178635
5830 0.0000178635
5887 0.0000178635
6021 0.0000178635
6041 0.0000178635
6078 0.0000178635
6083 0.0000178635
6101 0.0000178635
6105 0.0000178635
619 0.0000178635
6226 0.0000178635
6267 0.0000178635
6269 0.0000178635
6302 0.0000178635
6462 0.0000178635
6529 0.0000178635
6571 0.0000178635
6668 0.0000178635
6686 0.0000178635
6691 0.0000178635
6709 0.0000178635
6721 0.0000178635
6723 0.0000178635
6777 0.0000178635
6805 0.0000178635
6806 0.0000178635
6923 0.0000178635
694 0.0000178635
6997 0.0000178635
7023 0.0000178635
7033 0.0000178635
7042 0.0000178635
7060 0.0000178635
714 0.0000178635
7149 0.0000178635
7316 0.0000178635
7323 0.0000178635
741 0.0000178635
7449 0.0000178635
7491 0.0000178635
7495 0.0000178635
7498 0.0000178635
7567 0.0000178635
7574 0.0000178635
7642 0.0000178635
7658 0.0000178635
7666 0.0000178635
7673 0.0000178635
7735 0.0000178635
7765 0.0000178635
778 0.0000178635
7791 0.0000178635
7799 0.0000178635
7819 0.0000178635
7857 0.0000178635
7952 0.0000178635
797 0.0000178635
7973 0.0000178635
7982 0.0000178635
7994 0.0000178635
7996 0.0000178635
8019 0.0000178635
8028 0.0000178635
8076 0.0000178635
8079 0.0000178635
8130 0.0000178635
8204 0.0000178635
8226 0.0000178635
8235 0.0000178635
8246 0.0000178635
8286 0.0000178635
8288 0.0000178635
852 0.0000178635
7899 0.0000185760
1970 0.0000185948
2340 0.0000185948
3105 0.0000185948
6491 0.0000186930
302 0.0000188457
4009 0.0000189128
4466 0.0000189234
7397 0.0000190315
7669 0.0000190315
7701 0.0000190315
934 0.0000191704
938 0.0000191704
4173 0.0000192580
618 0.0000193551
6261 0.0000194186
4111 0.0000195230
6472 0.0000195751
2121 0.0000195904
6809 0.0000196264
359 0.0000196434
94 0.0000196434
7668 0.0000199015
7921 0.0000199015
5375 0.0000200304
4031 0.0000203032
2247 0.0000203942
3237 0.0000203954
8263 0.0000204441
5643 0.0000205767
670 0.0000205934
6606 0.0000209200
389 0.0000209503
524 0.0000211895
1716 0.0000213991
7520 0.0000214222
1657 0.0000215117
1092 0.0000219016
2843 0.0000219908
8289 0.0000221003
2112 0.0000221120
8025 0.0000221652
7306 0.0000221758
2133 0.0000221775
2501 0.0000221775
2647 0.0000221775
2844 0.0000221775
2974 0.0000221775
3050 0.0000221775
3056 0.0000221775
3068 0.0000221775
3235 0.0000221775
3547 0.0000221775
791 0.0000222155
421 0.0000223016
2101 0.0000224282
6532 0.0000225156
1833 0.0000225746
650 0.0000226779
1569 0.0000226839
2571 0.0000227279
5326 0.0000228916
5426 0.0000228916
929 0.0000230029
324 0.0000230827
2670 0.0000233652
1485 0.0000234592
4654 0.0000235522
4815 0.0000235522
4879 0.0000235522
5043 0.0000235522
358 0.0000235615
3809 0.0000241050
7304 0.0000241050
7557 0.0000241050
7740 0.0000241050
514 0.0000241270
2902 0.0000248015
108 0.0000249327
2366 0.0000249751
668 0.0000253892
2277 0.0000257370
5705 0.0000257370
3592 0.0000261762
779 0.0000262359
7423 0.0000262417
823 0.0000265963
3816 0.0000268604
506 0.0000269526
4014 0.0000271604
617 0.0000273693
2736 0.0000275396
6759 0.0000277605
7688 0.0000279838
2426 0.0000280070
6047 0.0000282338
1678 0.0000284631
4942 0.0000285263
6311 0.0000285995
6344 0.0000285995
6464 0.0000285995
5245 0.0000286683
3463 0.0000289411
5980 0.0000290360
392 0.0000291094
341 0.0000291125
6421 0.0000292794
1323 0.0000293721
624 0.0000294391
8285 0.0000299553
3973 0.0000299928
657 0.0000301548
866 0.0000303258
7588 0.0000303464
7362 0.0000305981
5756 0.0000307650
1687 0.0000309716
4078 0.0000311540
5860 0.0000311809
601 0.0000313127
3036 0.0000314485
3980 0.0000314485
4778 0.0000314485
6235 0.0000314485
3126 0.0000315358
700 0.0000316337
8282 0.0000324363
3609 0.0000329823
882 0.0000330001
682 0.0000331572
301 0.0000335482
349 0.0000335790
5809 0.0000338123
6409 0.0000338123
6661 0.0000338123
705 0.0000339777
1984 0.0000346035
1507 0.0000346417
6769 0.0000346417
6788 0.0000346417
7436 0.0000348410
6755 0.0000348615
2205 0.0000351008
942 0.0000351489
4934 0.0000351886
6982 0.0000351886
7201 0.0000351886
7262 0.0000351886
3324 0.0000357625
606 0.0000358186
168 0.0000358363
1277 0.0000360635
8277 0.0000361140
246 0.0000361145
2928 0.0000363133
1114 0.0000366781
1282 0.0000366978
338 0.0000367313
5772 0.0000367716
793 0.0000368189
6096 0.0000371150
3486 0.0000374158
1024 0.0000375137
631 0.0000378298
1038 0.0000379828
681 0.0000380585
6424 0.0000381140
3018 0.0000381327
4625 0.0000381584
4866 0.0000381584
5208 0.0000381584
5260 0.0000381584
5663 0.0000381584
219 0.0000382680
427 0.0000384588
4966 0.0000386657
4992 0.0000386657
2294 0.0000387111
3193 0.0000387111
2007 0.0000390870
5393 0.0000397749
3320 0.0000398739
6663 0.0000400856
684 0.0000402612
273 0.0000403850
3681 0.0000404083
3313 0.0000404182
3911 0.0000405972
140 0.0000406770
4987 0.0000407507
1884 0.0000411914
34 0.0000412011
4471 0.0000412409
5499 0.0000414069
7162 0.0000414300
6933 0.0000415434
2055 0.0000418124
743 0.0000418480
822 0.0000420461
6892 0.0000422595
686 0.0000423791
2838 0.0000425009
163 0.0000425171
406 0.0000425237
5539 0.0000427619
4047 0.0000427906
5033 0.0000427906
717 0.0000428415
4946 0.0000431926
5044 0.0000431926
232 0.0000432981
5969 0.0000433430
744 0.0000433813
616 0.0000435461
1563 0.0000436020
127 0.0000438240
378 0.0000440959
4049 0.0000442216
4188 0.0000442216
4311 0.0000442216
6590 0.0000442834
306 0.0000442885
7604 0.0000442914
5655 0.0000444318
1326 0.0000447706
7186 0.0000449071
5513 0.0000449251
5977 0.0000449848
3145 0.0000451482
1441 0.0000451751
5406 0.0000455113
586 0.0000456920
390 0.0000458762
1220 0.0000459277
1321 0.0000459557
3538 0.0000460473
628 0.0000462993
979 0.0000465627
4117 0.0000466084
5630 0.0000466127
1154 0.0000466707
2914 0.0000470284
1819 0.0000471071
1160 0.0000473873
706 0.0000474886
3483 0.0000475703
3243 0.0000476060
575 0.0000476748
566 0.0000476785
1144 0.0000476817
5064 0.0000477813
258 0.0000477977
2956 0.0000480542
274 0.0000480838
89 0.0000482646
2825 0.0000488467
4786 0.0000488629
3465 0.0000488798
3376 0.0000491449
995 0.0000495578
2348 0.0000498590
5350 0.0000499344
885 0.0000499484
3319 0.0000503407
945 0.0000503734
319 0.0000507883
6890 0.0000511373
6938 0.0000511373
538 0.0000512166
784 0.0000515383
2281 0.0000515744
5620 0.0000521568
802 0.0000522349
592 0.0000523818
1861 0.0000524936
1196 0.0000525647
7074 0.0000526815
5364 0.0000529605
1537 0.0000530991
2182 0.0000531054
1074 0.0000534388
6511 0.0000534388
1732 0.0000536654
658 0.0000540050
873 0.0000543538
1128 0.0000546570
5738 0.0000546715
868 0.0000548757
8283 0.0000550215
2575 0.0000554699
1596 0.0000555303
6164 0.0000558196
810 0.0000560894
5311 0.0000562053
150 0.0000564477
5991 0.0000567931
314 0.0000568870
771 0.0000570575
8249 0.0000573376
674 0.0000574180
6111 0.0000574230
6803 0.0000575182
1600 0.0000590082
613 0.0000590389
2993 0.0000591453
3155 0.0000591585
3506 0.0000592853
564 0.0000594840
1689 0.0000594896
224 0.0000596550
581 0.0000597187
2354 0.0000597671
7675 0.0000603884
300 0.0000604289
6474 0.0000606625
183 0.0000608419
1915 0.0000608943
864 0.0000609054
1100 0.0000611799
725 0.0000612834
1039 0.0000612907
3646 0.0000616393
4822 0.0000617330
7393 0.0000617437
7652 0.0000618628
6161 0.0000621498
994 0.0000624852
377 0.0000628546
2386 0.0000630856
2499 0.0000633851
849 0.0000634934
5045 0.0000635045
5305 0.0000635784
226 0.0000636290
7120 0.0000639055
2724 0.0000641696
339 0.0000641902
154 0.0000644809
5664 0.0000648060
7297 0.0000648060
2202 0.0000648207
829 0.0000648350
675 0.0000649324
5559 0.0000649638
932 0.0000651428
5368 0.0000656044
1221 0.0000658736
80 0.0000664759
2060 0.0000667543
1531 0.0000669936
216 0.0000676205
918 0.0000677092
257 0.0000680897
5639 0.0000681573
1141 0.0000682251
1757 0.0000682972
955 0.0000684487
1030 0.0000686020
379 0.0000696280
820 0.0000697524
429 0.0000697732
1432 0.0000698143
3200 0.0000700072
1168 0.0000709338
8169 0.0000710474
1152 0.0000711266
3804 0.0000711977
627 0.0000713813
6772 0.0000716666
7146 0.0000716666
19 0.0000718398
3576 0.0000721794
4677 0.0000727854
4831 0.0000727854
2781 0.0000735114
2979 0.0000739450
4993 0.0000742018
447 0.0000749749
5784 0.0000750980
5309 0.0000752455
844 0.0000754482
798 0.0000755965
604 0.0000756522
1490 0.0000757243
39 0.0000758037
1793 0.0000760941
2926 0.0000773105
643 0.0000777345
956 0.0000783068
192 0.0000784789
515 0.0000784789
943 0.0000786239
991 0.0000786732
4051 0.0000787830
607 0.0000804900
428 0.0000808102
1007 0.0000813058
236 0.0000813417
1619 0.0000818480
488 0.0000821909
6407 0.0000827978
1597 0.0000831031
7647 0.0000832243
622 0.0000832714
567 0.0000834229
4776 0.0000843760
2206 0.0000845129
878 0.0000846579
1604 0.0000848095
1669 0.0000851713
936 0.0000852219
707 0.0000852666
6255 0.0000852791
4088 0.0000853639
261 0.0000856499
175 0.0000859795
3567 0.0000859824
8292 0.0000870004
7490 0.0000876087
1983 0.0000880769
948 0.0000881690
1991 0.0000882604
151 0.0000885221
396 0.0000885244
2085 0.0000886558
2589 0.0000889917
1791 0.0000901923
5950 0.0000906372
36 0.0000916080
2165 0.0000922088
228 0.0000922409
806 0.0000923535
861 0.0000923711
255 0.0000924274
1629 0.0000928398
132 0.0000941038
4058 0.0000943790
1780 0.0000944192
8276 0.0000944738
1865 0.0000952004
4024 0.0000953401
6700 0.0000954899
913 0.0000959615
1493 0.0000961465
4181 0.0000963868
748 0.0000966334
4219 0.0000966874
5308 0.0000970955
4351 0.0000977125
3835 0.0000979196
4648 0.0000981144
440 0.0000984603
963 0.0000985575
4331 0.0000991434
5592 0.0000991828
8141 0.0000993516
584 0.0000994367
1023 0.0001007161
2181 0.0001008274
6094 0.0001009512
4276 0.0001018597
325 0.0001025276
6942 0.0001028612
3520 0.0001038956
2168 0.0001039555
252 0.0001040661
2072 0.0001041155
348 0.0001041695
2946 0.0001049817
5511 0.0001054539
2091 0.0001054823
897 0.0001058394
1985 0.0001059784
1595 0.0001066306
182 0.0001067329
664 0.0001072038
1043 0.0001079700
1649 0.0001080869
286 0.0001082726
1768 0.0001088769
3548 0.0001092894
1513 0.0001094395
1628 0.0001102756
7059 0.0001104038
1259 0.0001106039
673 0.0001108170
1241 0.0001131822
2917 0.0001139406
2799 0.0001139623
6320 0.0001142282
280 0.0001155412
2185 0.0001160417
371 0.0001166359
321 0.0001167752
1618 0.0001169824
1662 0.0001180611
590 0.0001181186
6198 0.0001182898
1418 0.0001186599
4298 0.0001189618
310 0.0001198522
1506 0.0001198749
981 0.0001199854
1080 0.0001203585
1075 0.0001210730
1396 0.0001216020
730 0.0001216857
6953 0.0001217315
7517 0.0001222167
827 0.0001222193
8178 0.0001224631
836 0.0001227732
1864 0.0001233035
6 0.0001240993
1752 0.0001241200
1556 0.0001243724
1730 0.0001244048
5638 0.0001246712
4977 0.0001250970
2918 0.0001251535
4402 0.0001254342
2307 0.0001255825
135 0.0001261043
5487 0.0001270433
4127 0.0001272040
5323 0.0001272924
746 0.0001274151
826 0.0001276494
3769 0.0001277325
7185 0.0001280305
2604 0.0001285874
2777 0.0001289003
394 0.0001298754
1137 0.0001299472
1920 0.0001300966
322 0.0001301550
5500 0.0001305913
6553 0.0001315053
2097 0.0001321429
3 0.0001322106
7874 0.0001322434
5933 0.0001325861
1550 0.0001326509
5140 0.0001328554
3922 0.0001350911
1032 0.0001353995
2178 0.0001357677
1692 0.0001359772
1402 0.0001369670
3554 0.0001371918
656 0.0001380752
1672 0.0001385261
4507 0.0001389624
4412 0.0001391335
334 0.0001395636
999 0.0001395838
1707 0.0001397646
3808 0.0001401767
2880 0.0001407693
1979 0.0001427211
1652 0.0001432028
29 0.0001435205
8122 0.0001435243
1583 0.0001438816
7040 0.0001439525
5457 0.0001443689
1055 0.0001451756
907 0.0001457195
50 0.0001460832
6707 0.0001474527
6840 0.0001474527
6400 0.0001486955
5640 0.0001493096
1407 0.0001493886
1389 0.0001495279
904 0.0001503525
1880 0.0001507850
4134 0.0001523080
1564 0.0001524016
1468 0.0001527983
1218 0.0001530450
1203 0.0001535157
749 0.0001538995
1420 0.0001540583
1520 0.0001546914
881 0.0001548406
7695 0.0001560958
1444 0.0001574613
2416 0.0001580176
1518 0.0001585860
1747 0.0001597218
1901 0.0001597863
1382 0.0001603405
2770 0.0001604337
839 0.0001605498
1375 0.0001612671
6993 0.0001615020
2129 0.0001616400
795 0.0001618575
317 0.0001619937
5058 0.0001621732
853 0.0001621844
8037 0.0001622769
982 0.0001626463
803 0.0001627865
971 0.0001639765
1372 0.0001640579
2991 0.0001649081
370 0.0001657674
285 0.0001668241
1837 0.0001671477
4453 0.0001673396
3871 0.0001679693
2095 0.0001689699
1124 0.0001692362
1714 0.0001700637
975 0.0001702048
7512 0.0001706569
636 0.0001709035
402 0.0001717315
1131 0.0001726489
32 0.0001729157
4355 0.0001729441
1501 0.0001735210
517 0.0001738678
1140 0.0001743212
2241 0.0001743487
4588 0.0001755865
1524 0.0001756977
1446 0.0001760689
4189 0.0001764826
989 0.0001766006
5327 0.0001773761
8149 0.0001773787
2053 0.0001774729
1534 0.0001785580
304 0.0001793971
7924 0.0001800700
6850 0.0001801060
2397 0.0001802122
1857 0.0001821821
362 0.0001822390
5415 0.0001826982
1587 0.0001836001
691 0.0001839081
587 0.0001843462
3919 0.0001843752
3348 0.0001845184
6628 0.0001848079
5132 0.0001853534
432 0.0001863589
3099 0.0001864500
3150 0.0001870396
2342 0.0001879201
7257 0.0001879201
838 0.0001881121
805 0.0001882217
178 0.0001886432
2490 0.0001889358
928 0.0001894732
4468 0.0001895510
1848 0.0001896810
1548 0.0001896867
1935 0.0001898576
30 0.0001902822
1425 0.0001907150
7050 0.0001911854
4791 0.0001916070
5392 0.0001924793
977 0.0001928447
5837 0.0001940141
7295 0.0001943662
1062 0.0001955170
2580 0.0001975314
1411 0.0001979174
966 0.0001981792
1190 0.0001982565
308 0.0001986414
1849 0.0001994383
6736 0.0001997132
8198 0.0002000103
985 0.0002008972
1777 0.0002011540
2479 0.0002015030
1641 0.0002017973
1471 0.0002044474
4645 0.0002052459
23 0.0002061153
611 0.0002062493
2333 0.0002070347
1442 0.0002074614
2137 0.0002083394
435 0.0002095521
38 0.0002097401
5215 0.0002101081
6166 0.0002111994
6873 0.0002131680
433 0.0002132087
2821 0.0002162888
3164 0.0002162893
4480 0.0002165943
750 0.0002166648
1973 0.0002177335
2475 0.0002184373
372 0.0002186471
5850 0.0002186801
6596 0.0002192332
739 0.0002193127
6595 0.0002201929
1525 0.0002205275
3717 0.0002207404
1610 0.0002220403
431 0.0002227937
1805 0.0002232340
1296 0.0002234575
391 0.0002238353
3541 0.0002240935
5650 0.0002260496
1555 0.0002260898
2109 0.0002266899
4199 0.0002267345
1733 0.0002275732
5012 0.0002286471
2369 0.0002289260
7442 0.0002326488
6994 0.0002326501
1006 0.0002327199
8284 0.0002331871
972 0.0002341059
715 0.0002347963
2951 0.0002356169
2977 0.0002360258
1592 0.0002362049
3338 0.0002380792
1823 0.0002381053
422 0.0002381772
647 0.0002383917
5437 0.0002388465
3073 0.0002389617
5973 0.0002392365
2687 0.0002395536
4529 0.0002407779
723 0.0002409655
742 0.0002413292
1230 0.0002414388
1774 0.0002416043
8124 0.0002416054
1487 0.0002416976
6737 0.0002419875
405 0.0002426231
363 0.0002428641
5285 0.0002428692
7763 0.0002430430
1034 0.0002442926
6589 0.0002443682
3346 0.0002444163
227 0.0002467541
1464 0.0002474561
958 0.0002477923
2332 0.0002483529
2106 0.0002483647
1858 0.0002483724
1987 0.0002501784
2721 0.0002505708
8002 0.0002507919
311 0.0002511309
1097 0.0002511439
5824 0.0002522319
6567 0.0002529138
2599 0.0002533104
8 0.0002542463
6714 0.0002555602
1394 0.0002561025
2119 0.0002561829
1419 0.0002566797
373 0.0002578941
5246 0.0002586612
3806 0.0002588018
105 0.0002595017
8287 0.0002597815
75 0.0002605512
761 0.0002606943
3670 0.0002609256
7810 0.0002610183
559 0.0002611188
1580 0.0002611301
155 0.0002627632
1963 0.0002630362
6712 0.0002645509
1439 0.0002659185
7778 0.0002665319
1573 0.0002665882
5817 0.0002677877
8237 0.0002680121
1236 0.0002682662
3479 0.0002682829
7544 0.0002683720
3297 0.0002688099
4098 0.0002694436
733 0.0002705336
1927 0.0002707709
4234 0.0002709931
7047 0.0002712011
2116 0.0002719839
1746 0.0002723643
1613 0.0002731265
6422 0.0002731837
1315 0.0002739263
6323 0.0002759663
589 0.0002763943
2004 0.0002766663
1286 0.0002782943
4814 0.0002783397
3956 0.0002788208
1972 0.0002797645
1222 0.0002799695
4797 0.0002800787
4500 0.0002801986
3967 0.0002806757
1413 0.0002809627
61 0.0002810236
7879 0.0002822135
893 0.0002828797
5835 0.0002829429
1377 0.0002833580
1261 0.0002835037
1969 0.0002849925
947 0.0002854732
946 0.0002856875
1542 0.0002857280
1603 0.0002858321
7389 0.0002858901
6528 0.0002863857
2662 0.0002889359
2764 0.0002896392
1783 0.0002903260
6632 0.0002903575
710 0.0002911749
3000 0.0002913032
5802 0.0002932711
1648 0.0002937944
6570 0.0002944636
5807 0.0002945180
8219 0.0002946390
1653 0.0002985306
5994 0.0002985566
7094 0.0002991061
1476 0.0002991683
1014 0.0002993424
1111 0.0002997266
2273 0.0003003409
7341 0.0003003486
3433 0.0003012706
722 0.0003029175
1718 0.0003034834
4557 0.0003039115
2341 0.0003056879
887 0.0003057109
935 0.0003061039
1903 0.0003063863
813 0.0003074596
7088 0.0003083370
1654 0.0003087464
1000 0.0003093127
2754 0.0003093637
837 0.0003094290
2253 0.0003110755
3946 0.0003116339
2617 0.0003121739
2763 0.0003127310
871 0.0003132265
2014 0.0003133877
2350 0.0003138033
7529 0.0003141908
8051 0.0003158181
2076 0.0003161312
968 0.0003175315
54 0.0003180590
1997 0.0003201367
1953 0.0003207192
1322 0.0003217213
5341 0.0003239992
4646 0.0003252798
6503 0.0003257247
6270 0.0003258418
2685 0.0003261527
1061 0.0003261873
6552 0.0003262340
3464 0.0003270415
1964 0.0003271765
659 0.0003279423
2570 0.0003281314
6948 0.0003284444
4613 0.0003288509
6029 0.0003290873
1393 0.0003292686
8291 0.0003305247
7497 0.0003327204
1489 0.0003333141
1248 0.0003333293
8168 0.0003342466
4482 0.0003350134
3557 0.0003350792
4876 0.0003361840
4422 0.0003367985
1053 0.0003369619
4994 0.0003377427
6789 0.0003377676
1243 0.0003382487
332 0.0003383987
8044 0.0003391152
3173 0.0003392856
633 0.0003399437
560 0.0003400649
6594 0.0003401960
3455 0.0003405981
6388 0.0003426016
704 0.0003427340
3969 0.0003440916
1390 0.0003440959
2285 0.0003444698
6170 0.0003445738
1658 0.0003451858
259 0.0003452078
1279 0.0003452958
8083 0.0003458171
5384 0.0003469106
1758 0.0003471702
2550 0.0003477095
6945 0.0003479897
5582 0.0003486554
298 0.0003507985
3393 0.0003522590
1908 0.0003525761
7386 0.0003532271
2765 0.0003541372
5162 0.0003554421
1353 0.0003563396
6241 0.0003570913
2356 0.0003571085
5626 0.0003571681
2618 0.0003573695
1123 0.0003574668
7450 0.0003579328
2345 0.0003592234
7707 0.0003600579
2073 0.0003602666
313 0.0003608208
6262 0.0003615303
667 0.0003620433
4604 0.0003630931
1319 0.0003642655
346 0.0003645113
794 0.0003656573
4323 0.0003659024
5863 0.0003671820
152 0.0003673190
1680 0.0003676106
72 0.0003694984
1798 0.0003708895
1816 0.0003711129
350 0.0003713216
5732 0.0003771923
1701 0.0003774193
6218 0.0003803672
763 0.0003806134
5790 0.0003806663
2801 0.0003817726
1285 0.0003820136
6720 0.0003825413
171 0.0003826668
1253 0.0003828667
719 0.0003830495
5222 0.0003834200
2157 0.0003836718
7803 0.0003852224
5176 0.0003863318
4728 0.0003866663
960 0.0003876671
4777 0.0003878007
2193 0.0003880257
6251 0.0003881505
356 0.0003885834
697 0.0003891176
4488 0.0003896671
2972 0.0003902951
1547 0.0003905192
6725 0.0003911484
1234 0.0003912654
2329 0.0003916205
1749 0.0003922145
6001 0.0003928036
6246 0.0003930045
8134 0.0003941855
6501 0.0003942011
663 0.0003954502
3002 0.0003960877
5568 0.0003971525
8297 0.0003977691
895 0.0003978015
2768 0.0003980397
3803 0.0004001517
1250 0.0004004540
859 0.0004020455
3021 0.0004025199
403 0.0004047023
2385 0.0004047482
2809 0.0004068911
2828 0.0004070181
7422 0.0004083115
3842 0.0004108154
4820 0.0004125330
2597 0.0004126889
2623 0.0004132166
2713 0.0004137122
5083 0.0004138511
1788 0.0004144955
5509 0.0004146043
2587 0.0004155240
2925 0.0004160761
7073 0.0004161925
425 0.0004163336
7835 0.0004164971
2620 0.0004169009
4417 0.0004174092
49 0.0004176635
1811 0.0004176989
5811 0.0004182090
5963 0.0004182117
1497 0.0004186653
4944 0.0004192443
5092 0.0004202567
3114 0.0004214158
5637 0.0004220997
2669 0.0004225623
2246 0.0004226458
760 0.0004230658
6023 0.0004235455
4713 0.0004262284
756 0.0004275860
7225 0.0004279165
1164 0.0004285372
5148 0.0004293513
2999 0.0004293725
5584 0.0004308128
2966 0.0004309175
1360 0.0004309345
5614 0.0004311094
7373 0.0004315306
4808 0.0004315421
2400 0.0004317237
1566 0.0004324548
609 0.0004349459
6901 0.0004352027
967 0.0004359638
3191 0.0004371246
1802 0.0004371480
7054 0.0004380166
1521 0.0004387054
6976 0.0004388851
6897 0.0004402561
2339 0.0004403211
3309 0.0004404658
6765 0.0004406827
3854 0.0004415990
1855 0.0004422600
5737 0.0004438578
2612 0.0004438876
4764 0.0004441382
4938 0.0004445341
7233 0.0004446314
7965 0.0004454902
5721 0.0004455182
1965 0.0004456365
4373 0.0004472562
5454 0.0004476293
5263 0.0004482267
3587 0.0004486327
2592 0.0004503739
6151 0.0004516641
6699 0.0004560560
5928 0.0004562778
8224 0.0004562962
282 0.0004567418
1772 0.0004593206
1201 0.0004594466
2338 0.0004605132
6097 0.0004608618
1679 0.0004611951
7757 0.0004619236
7005 0.0004621395
2696 0.0004636043
2326 0.0004645129
1428 0.0004650671
7378 0.0004655953
3381 0.0004658005
5506 0.0004670633
6227 0.0004673154
1792 0.0004690826
230 0.0004694334
3661 0.0004699739
2708 0.0004700824
6000 0.0004705017
5922 0.0004717484
5155 0.0004721189
817 0.0004741670
3148 0.0004753099
626 0.0004762473
3435 0.0004779911
7351 0.0004786681
1044 0.0004789452
1781 0.0004792757
2507 0.0004816005
3251 0.0004821941
930 0.0004835717
2384 0.0004843428
3664 0.0004846859
1247 0.0004848842
1284 0.0004854749
8073 0.0004881906
677 0.0004912579
2922 0.0004913898
7143 0.0004924495
4929 0.0004926969
2805 0.0004934596
3614 0.0004947865
4953 0.0004948359
299 0.0004954122
3009 0.0004954810
5026 0.0004957858
5753 0.0004969570
5482 0.0004980090
7946 0.0004982721
696 0.0004989796
789 0.0004991617
2815 0.0004994761
407 0.0004995332
7400 0.0005004314
579 0.0005013642
857 0.0005016883
3310 0.0005027607
4435 0.0005032174
2700 0.0005038128
1185 0.0005046884
7561 0.0005057366
2932 0.0005058497
2834 0.0005075466
7795 0.0005091373
8209 0.0005098151
7279 0.0005111089
6855 0.0005116228
5378 0.0005120529
5430 0.0005133537
4201 0.0005136566
665 0.0005139057
4424 0.0005139969
1374 0.0005152969
7694 0.0005159785
1538 0.0005162255
2830 0.0005163142
908 0.0005183011
7646 0.0005201926
1157 0.0005207562
6243 0.0005207663
1484 0.0005208120
549 0.0005208177
243 0.0005222937
4706 0.0005226113
5465 0.0005228939
3274 0.0005240206
2689 0.0005242946
4044 0.0005247922
2062 0.0005249851
4384 0.0005254874
2579 0.0005258620
2923 0.0005260323
4065 0.0005275842
7237 0.0005276095
2605 0.0005278510
415 0.0005301211
4110 0.0005307091
1330 0.0005308677
7238 0.0005313451
1127 0.0005318134
3136 0.0005341859
7119 0.0005349465
1191 0.0005355201
3106 0.0005356376
2511 0.0005368846
2968 0.0005375332
6148 0.0005376386
5936 0.0005378726
1621 0.0005387738
6924 0.0005394131
6442 0.0005422935
2258 0.0005427327
4899 0.0005433397
3371 0.0005446830
1200 0.0005461247
3807 0.0005468051
5925 0.0005487860
7131 0.0005490184
3755 0.0005556888
3458 0.0005590251
545 0.0005606380
7101 0.0005618929
4401 0.0005646886
3787 0.0005659367
7788 0.0005659563
4432 0.0005684309
1859 0.0005698263
5651 0.0005698645
1239 0.0005721570
3033 0.0005732791
5439 0.0005738849
3489 0.0005743515
7726 0.0005753673
1482 0.0005758024
6739 0.0005758869
4315 0.0005777457
1787 0.0005781078
5932 0.0005809259
5432 0.0005839741
2760 0.0005845256
1465 0.0005851723
4662 0.0005860099
7618 0.0005885526
5891 0.0005885735
863 0.0005887577
4263 0.0005893891
5773 0.0005900158
6441 0.0005902396
3020 0.0005916528
6305 0.0005916776
6432 0.0005919926
3351 0.0005921101
1384 0.0005927067
6875 0.0005954842
3460 0.0005966672
1697 0.0005971631
6613 0.0005987374
2560 0.0005988357
2877 0.0006001667
1744 0.0006016161
1193 0.0006020048
1035 0.0006040833
1291 0.0006041428
2016 0.0006046226
5335 0.0006050655
2643 0.0006055934
2544 0.0006056167
3724 0.0006058880
3010 0.0006063582
4962 0.0006065669
3887 0.0006077858
5239 0.0006080505
4013 0.0006114439
2252 0.0006121087
7927 0.0006129280
1622 0.0006150728
6221 0.0006151336
1608 0.0006154960
3926 0.0006155343
5295 0.0006155549
1031 0.0006171470
6554 0.0006172687
1125 0.0006178667
2900 0.0006182775
3937 0.0006187340
4233 0.0006215625
1018 0.0006216429
2963 0.0006236210
5421 0.0006241177
2981 0.0006241478
2135 0.0006241664
3029 0.0006248336
3453 0.0006252902
4297 0.0006256955
4138 0.0006268776
3307 0.0006269892
1888 0.0006274303
7168 0.0006314528
2209 0.0006316485
5545 0.0006323152
1412 0.0006369212
2674 0.0006381397
1305 0.0006392449
6272 0.0006398195
5812 0.0006400234
6930 0.0006407236
3958 0.0006433542
6624 0.0006440330
7277 0.0006463830
5103 0.0006470770
1977 0.0006491001
769 0.0006505640
2290 0.0006506419
2325 0.0006527240
55 0.0006550195
6505 0.0006561027
2001 0.0006566150
3691 0.0006573097
7855 0.0006604956
4811 0.0006621471
5121 0.0006627139
2595 0.0006652185
6599 0.0006658904
2257 0.0006669214
1378 0.0006670435
2665 0.0006689441
1151 0.0006703505
6566 0.0006725558
6860 0.0006735160
922 0.0006745210
3885 0.0006747314
6600 0.0006749554
4796 0.0006774101
2811 0.0006779914
1769 0.0006786372
1593 0.0006790296
3180 0.0006790474
3843 0.0006803423
3144 0.0006824458
2785 0.0006831519
3258 0.0006845853
2794 0.0006853482
2819 0.0006865417
3140 0.0006866358
5827 0.0006886685
959 0.0006900924
7662 0.0006905771
4043 0.0006906913
3830 0.0006909460
1307 0.0006920753
4055 0.0006922834
2128 0.0006925350
1267 0.0006933111
978 0.0006937004
4289 0.0006958351
1159 0.0006963872
2912 0.0006987977
2231 0.0007003812
5798 0.0007023695
1514 0.0007026845
7144 0.0007078246
439 0.0007085938
856 0.0007100513
5776 0.0007106395
2071 0.0007114007
4365 0.0007150360
6918 0.0007175108
3726 0.0007176337
4687 0.0007178405
5463 0.0007185778
1814 0.0007190512
8290 0.0007195851
2410 0.0007200573
6783 0.0007202183
3276 0.0007215385
5998 0.0007227562
3680 0.0007261747
2375 0.0007266705
6229 0.0007267041
6576 0.0007271479
1646 0.0007290169
1717 0.0007290183
2787 0.0007301665
1808 0.0007321165
5775 0.0007326090
1956 0.0007326200
7683 0.0007377100
250 0.0007420027
764 0.0007425945
3014 0.0007431654
1966 0.0007433761
2747 0.0007436686
2151 0.0007441710
1700 0.0007450915
6770 0.0007453198
6498 0.0007454322
937 0.0007511608
1706 0.0007546366
6296 0.0007549221
7391 0.0007559061
1835 0.0007567876
3059 0.0007570604
6328 0.0007585147
7833 0.0007616823
5199 0.0007626033
2856 0.0007639387
3015 0.0007652806
8128 0.0007657348
4269 0.0007662066
4986 0.0007668945
2079 0.0007721565
1416 0.0007728819
3792 0.0007739396
2102 0.0007747444
7301 0.0007754298
4527 0.0007773299
5819 0.0007779572
6098 0.0007848907
5144 0.0007854245
2160 0.0007857617
1103 0.0007881326
5844 0.0007886151
4547 0.0007907972
2547 0.0007921141
2707 0.0007938945
4072 0.0007940274
6523 0.0007946877
1199 0.0007949185
1385 0.0007954398
5780 0.0007963040
1496 0.0007974285
5452 0.0008000844
4463 0.0008003605
608 0.0008023835
1705 0.0008025791
1565 0.0008043349
941 0.0008070020
1799 0.0008075503
5182 0.0008076765
3607 0.0008100035
5189 0.0008118041
2955 0.0008118781
2831 0.0008127193
3092 0.0008167403
3748 0.0008173212
4715 0.0008181920
4964 0.0008222871
7979 0.0008228160
3660 0.0008248553
1352 0.0008268604
3284 0.0008271043
5897 0.0008287654
5179 0.0008313371
3103 0.0008315246
1022 0.0008317674
6347 0.0008324279
6043 0.0008343379
2909 0.0008347047
5683 0.0008353197
1637 0.0008381108
4175 0.0008383389
6306 0.0008393485
6934 0.0008408117
5680 0.0008427616
637 0.0008460687
2322 0.0008461617
4338 0.0008499534
5739 0.0008500284
7813 0.0008512609
1723 0.0008524197
4534 0.0008540340
6955 0.0008542175
2646 0.0008548893
3480 0.0008553264
2510 0.0008553581
2211 0.0008565919
2686 0.0008570694
5106 0.0008576569
3847 0.0008591544
7871 0.0008591885
6174 0.0008607181
1156 0.0008609919
765 0.0008613006
7839 0.0008613077
2973 0.0008617617
5423 0.0008632585
3813 0.0008658692
2324 0.0008685102
2697 0.0008707392
5848 0.0008735549
3417 0.0008740325
5527 0.0008743973
3473 0.0008755868
4748 0.0008768025
4162 0.0008790226
5288 0.0008802424
4846 0.0008809595
4689 0.0008871746
4021 0.0008905413
3007 0.0008938034
7478 0.0008943970
4781 0.0008946657
3130 0.0008955598
5828 0.0009006241
5799 0.0009032255
4266 0.0009064191
1165 0.0009064335
2174 0.0009070012
4361 0.0009073053
5697 0.0009080397
3529 0.0009181260
1167 0.0009182367
4341 0.0009206746
2371 0.0009208275
1836 0.0009217926
6437 0.0009219770
1729 0.0009229173
5301 0.0009241560
3447 0.0009262725
6869 0.0009291633
56 0.0009304482
1571 0.0009307836
1847 0.0009323097
2667 0.0009337527
7992 0.0009342433
1893 0.0009354013
6979 0.0009361109
4884 0.0009377691
4041 0.0009392014
2542 0.0009400178
6980 0.0009462206
2435 0.0009481426
3580 0.0009491541
2655 0.0009495827
5100 0.0009507862
1734 0.0009538639
2814 0.0009557990
3635 0.0009561342
5188 0.0009563657
5818 0.0009567724
4551 0.0009568094
5902 0.0009591978
5130 0.0009629924
2240 0.0009663850
5204 0.0009678137
4980 0.0009708204
4510 0.0009729098
7649 0.0009730151
214 0.0009732784
2593 0.0009825975
3634 0.0009835279
1403 0.0009839902
5479 0.0009840447
3452 0.0009843282
3408 0.0009845244
2225 0.0009846174
4824 0.0009852044
6481 0.0009855869
2517 0.0009856705
7443 0.0009857948
4247 0.0009861692
7108 0.0009884513
5624 0.0009887957
5804 0.0009888693
5096 0.0009907893
7381 0.0009940563
3720 0.0009954166
5829 0.0009987429
5466 0.0010009543
4528 0.0010010855
7012 0.0010014853
3752 0.0010025477
2433 0.0010036286
1661 0.0010066279
3291 0.0010091167
6458 0.0010091879
7624 0.0010100731
8212 0.0010115186
4719 0.0010124494
5321 0.0010150261
86 0.0010184510
1049 0.0010200600
28 0.0010214432
3404 0.0010226428
6327 0.0010296343
5233 0.0010298144
290 0.0010317004
4574 0.0010334176
6337 0.0010335692
3253 0.0010340136
7052 0.0010373994
1498 0.0010401564
3516 0.0010410058
1492 0.0010425791
600 0.0010462472
7280 0.0010521619
6790 0.0010524675
1918 0.0010532527
5872 0.0010564984
5200 0.0010566353
5529 0.0010592681
7912 0.0010637082
5273 0.0010640251
4587 0.0010652478
2411 0.0010694629
4999 0.0010698060
1453 0.0010707612
3631 0.0010731623
5886 0.0010734047
4795 0.0010744032
6560 0.0010766248
2364 0.0010802291
1990 0.0010886416
5020 0.0010958585
5760 0.0010977177
3586 0.0011002868
4717 0.0011046095
3976 0.0011081196
7510 0.0011121004
2276 0.0011137054
3903 0.0011168266
7651 0.0011306705
4290 0.0011306717
2456 0.0011321239
6032 0.0011358884
417 0.0011436769
1473 0.0011486603
2470 0.0011491297
204 0.0011526188
8295 0.0011548024
3910 0.0011559118
5210 0.0011566226
1992 0.0011569361
5947 0.0011577795
3970 0.0011586514
5055 0.0011589285
35 0.0011620458
3800 0.0011645708
6907 0.0011772221
4299 0.0011830207
2264 0.0011850503
4632 0.0011854050
4179 0.0011884224
3293 0.0011903280
3643 0.0011916786
1842 0.0011937930
5073 0.0012029583
5061 0.0012068648
4261 0.0012179609
2506 0.0012210004
5262 0.0012219398
6417 0.0012237521
1585 0.0012252856
2114 0.0012258019
7063 0.0012267739
2693 0.0012302387
4653 0.0012306736
5449 0.0012495722
6774 0.0012517335
2289 0.0012519239
1026 0.0012575050
5072 0.0012601190
6496 0.0012633925
2251 0.0012643474
2774 0.0012687888
2851 0.0012689931
1919 0.0012691512
465 0.0012718129
7116 0.0012723509
4940 0.0012801177
2440 0.0012974116
3812 0.0013050475
5822 0.0013080636
1357 0.0013089705
2727 0.0013095208
5289 0.0013101281
2381 0.0013198803
6156 0.0013292453
3027 0.0013309858
5445 0.0013316313
5671 0.0013320629
5714 0.0013344812
1186 0.0013391304
4530 0.0013400923
7910 0.0013410186
6555 0.0013517272
5814 0.0013539133
1638 0.0013622347
271 0.0013652755
3028 0.0013678118
8192 0.0013765079
840 0.0013773995
4483 0.0013819078
8294 0.0013921838
8121 0.0013923800
3192 0.0013933747
4448 0.0013951728
6123 0.0013961573
5871 0.0013967612
6833 0.0013994885
2120 0.0014162278
6780 0.0014223720
5806 0.0014290954
2508 0.0014294535
8293 0.0014294592
7699 0.0014329016
2297 0.0014347842
896 0.0014358560
3645 0.0014411432
1688 0.0014413292
8174 0.0014603755
5596 0.0014654876
2822 0.0014698106
6914 0.0014712190
5743 0.0014734356
1211 0.0014762290
7587 0.0014770341
3125 0.0014777142
2790 0.0014903674
2256 0.0014965077
3892 0.0015157713
3615 0.0015175749
3117 0.0015210595
7115 0.0015328986
4600 0.0015439731
6715 0.0015471340
1166 0.0015508745
5037 0.0015580581
2474 0.0015581667
4349 0.0015613207
5693 0.0015760887
2654 0.0015775808
3030 0.0015804918
6618 0.0015834951
2660 0.0015867774
2210 0.0015896681
1982 0.0015906619
3650 0.0015974521
4485 0.0016011547
5839 0.0016073195
1726 0.0016164228
974 0.0016275406
4011 0.0016286899
5684 0.0016496827
644 0.0016507346
3443 0.0016674067
7890 0.0016714225
2619 0.0016995883
6044 0.0017030625
4709 0.0017052760
4792 0.0017118274
2504 0.0017143413
5178 0.0017189487
6004 0.0017249102
4666 0.0017254690
4124 0.0017296774
6913 0.0017333312
3024 0.0017374194
6665 0.0017476459
3026 0.0017491365
2223 0.0017495832
5028 0.0017518001
3439 0.0017777351
3770 0.0017914251
2145 0.0017976649
7860 0.0017991897
3796 0.0018094814
7021 0.0018124024
3394 0.0018252749
5002 0.0018296328
4578 0.0018380939
2323 0.0018415346
1437 0.0018470354
4103 0.0018483802
2134 0.0018615295
7414 0.0018826755
2653 0.0018828436
2658 0.0018901236
1633 0.0018903283
1310 0.0018955007
2940 0.0018960447
2775 0.0018993896
4071 0.0019007341
5524 0.0019044803
2144 0.0019247507
6414 0.0019324759
7908 0.0019393510
2585 0.0019951583
3265 0.0019983003
4536 0.0020058746
3321 0.0020436458
6299 0.0020479905
4212 0.0020677241
4827 0.0020702423
5022 0.0021024085
5226 0.0021427298
4099 0.0021461190
2117 0.0021714161
7961 0.0021749181
6124 0.0021755450
2871 0.0021900996
3898 0.0022161501
5543 0.0022379255
7214 0.0022393429
3005 0.0022394368
2594 0.0022402309
4661 0.0022557813
3459 0.0022595637
4983 0.0023012048
2657 0.0023249399
2237 0.0023318430
3562 0.0023512877
2535 0.0023517425
5800 0.0023912505
4400 0.0024192468
5459 0.0024382740
2516 0.0024485032
3454 0.0024677699
2485 0.0024752364
2651 0.0024926066
4981 0.0025196233
993 0.0025456556
5605 0.0025735484
5484 0.0025991165
2576 0.0026005732
3897 0.0026081342
6784 0.0026398750
4040 0.0026685465
4256 0.0026718831
3334 0.0026946160
3034 0.0026953255
2565 0.0027031754
3962 0.0027147799
825 0.0027741136
4875 0.0027753588
1754 0.0028052051
3498 0.0028259916
5079 0.0028559729
3537 0.0028912086
7862 0.0029396268
7809 0.0029524805
3568 0.0029635966
5404 0.0029726309
2958 0.0029814214
3260 0.0030606236
4531 0.0030922120
2746 0.0031970642
5123 0.0032286016
7620 0.0032600783
3873 0.0032640456
7553 0.0032997087
4735 0.0033235339
7882 0.0033290621
5254 0.0033438584
3238 0.0033690519
4798 0.0034044850
4335 0.0035123477
762 0.0035444293
1297 0.0035766680
5563 0.0036209392
7092 0.0037241543
2859 0.0037347492
1549 0.0037549504
6832 0.0037806994
4310 0.0037837625
737 0.0039565384
2328 0.0039648890
3084 0.0041935773
4828 0.0042126050
4191 0.0042725421
8163 0.0042991946
3352 0.0043801598
2066 0.0043982020
3456 0.0047129087
15 0.0049330139
3089 0.0049623057
8042 0.0049691182
7632 0.0050987523
4712 0.0051145744
5412 0.0055570166
4037 0.0057476580
2398 0.0061991835
2625 0.0069397203
6330 0.0074808972
6006 0.0083780831
6946 0.0090659497
6334 0.0103605988
6634 0.0119926894
1192 0.0457131080
1533 0.0457131080
5354 0.0457131080
5701 0.0457131080
5838 0.0457131080
6009 0.0457131080
6225 0.0457131080
6401 0.0457131080
7621 0.0457131080
4639 0.0913125563
6059 0.1825114530
