1029 0.0000178635
1300 0.0000178635
1478 0.0000178635
1486 0.0000178635
153 0.0000178635
1532 0.0000178635
1557 0.0000178635
1664 0.0000178635
167 0.0000178635
1950 0.0000178635
1961 0.0000178635
2092 0.0000178635
2234 0.0000178635
2242 0.0000178635
2244 0.0000178635
2305 0.0000178635
2362 0.0000178635
2365 0.0000178635
2378 0.0000178635
2420 0.0000178635
2484 0.0000178635
2607 0.0000178635
2629 0.0000178635
2645 0.0000178635
2650 0.0000178635
2720 0.0000178635
2797 0.0000178635
2818 0.0000178635
291 0.0000178635
3082 0.0000178635
3138 0.0000178635
3245 0.0000178635
3255 0.0000178635
3301 0.0000178635
3616 0.0000178635
3629 0.0000178635
368 0.0000178635
3701 0.0000178635
3713 0.0000178635
3745 0.0000178635
3772 0.0000178635
3776 0.0000178635
3797 0.0000178635
3849 0.0000178635
3888 0.0000178635
3912 0.0000178635
3971 0.0000178635
4068 0.0000178635
4168 0.0000178635
419 0.0000178635
4211 0.0000178635
4216 0.0000178635
4220 0.0000178635
4231 0.0000178635
4235 0.0000178635
4237 0.0000178635
4264 0.0000178635
4359 0.0000178635
4413 0.0000178635
4441 0.0000178635
4541 0.0000178635
4552 0.0000178635
4605 0.0000178635
4620 0.0000178635
4631 0.0000178635
477 0.0000178635
5115 0.0000178635
5133 0.0000178635
5231 0.0000178635
5253 0.0000178635
5255 0.0000178635
5303 0.0000178635
5414 0.0000178635
5417 0.0000178635
5514 0.0000178635
554 0.0000178635
5631 0.0000178635
565 0.0000178635
5679 0.0000178635
5757 0.0000178635
5767 0.0000178635
5801 0.0000178635
5830 0.0000178635
5887 0.0000178635
6021 0.0000178635
6041 0.0000178635
6078 0.0000178635
6083 0.0000178635
6101 0.0000178635
6105 0.0000178635
619 0.0000178635
6226 0.0000178635
6267 0.0000178635
6269 0.0000178635
6302 0.0000178635
6462 0.0000178635
6529 0.0000178635
6571 0.0000178635
6668 0.0000178635
6686 0.0000178635
6691 0.0000178635
6709 0.0000178635
6721 0.0000178635
6723 0.0000178635
6777 0.0000178635
6805 0.0000178635
6806 0.0000178635
6923 0.0000178635
694 0.0000178635
6997 0.0000178635
7023 0.0000178635
7033 0.0000178635
7042 0.0000178635
7060 0.0000178635
714 0.0000178635
7149 0.0000178635
7316 0.0000178635
7323 0.0000178635
741 0.0000178635
7449 0.0000178635
7491 0.0000178635
7495 0.0000178635
7498 0.0000178635
7567 0.0000178635
7574 0.0000178635
7642 0.0000178635
7658 0.0000178635
7666 0.0000178635
7673 0.0000178635
7735 0.0000178635
7765 0.0000178635
778 0.0000178635
7791 0.0000178635
7799 0.0000178635
7819 0.0000178635
7857 0.0000178635
7952 0.0000178635
797 0.0000178635
7973 0.0000178635
7982 0.0000178635
7994 0.0000178635
7996 0.0000178635
8019 0.0000178635
8028 0.0000178635
8076 0.0000178635
8079 0.0000178635
8130 0.0000178635
8204 0.0000178635
8226 0.0000178635
8235 0.0000178635
8246 0.0000178635
8286 0.0000178635
8288 0.0000178635
852 0.0000178635
7899 0.0000186739
302 0.0000188457
1970 0.0000189661
2340 0.0000189661
3105 0.0000189661
7397 0.0000190315
7669 0.0000190315
7701 0.0000190315
6491 0.0000190444
4466 0.0000190790
4009 0.0000193272
4173 0.0000194760
4111 0.0000195230
359 0.0000196434
94 0.0000196434
934 0.0000198231
938 0.0000198231
618 0.0000201037
6472 0.0000201992
6261 0.0000202612
2247 0.0000203942
6809 0.0000204473
2121 0.0000205275
7668 0.0000209703
7921 0.0000209703
5375 0.0000211592
389 0.0000216030
4031 0.0000216543
3237 0.0000217612
670 0.0000217668
8263 0.0000217795
5643 0.0000219683
6606 0.0000225552
1569 0.0000226839
2112 0.0000227655
524 0.0000229284
2571 0.0000232638
7520 0.0000233065
1716 0.0000233167
1657 0.0000234377
1092 0.0000240741
2843 0.0000241992
8025 0.0000242562
791 0.0000243081
8289 0.0000243666
7306 0.0000245261
421 0.0000245289
2133 0.0000246078
2501 0.0000246078
2647 0.0000246078
2844 0.0000246078
2974 0.0000246078
3050 0.0000246078
3056 0.0000246078
3068 0.0000246078
3235 0.0000246078
3547 0.0000246078
2101 0.0000246102
6532 0.0000248201
1833 0.0000249912
650 0.0000250489
2670 0.0000255490
5326 0.0000256441
5426 0.0000256441
929 0.0000257317
324 0.0000257716
358 0.0000262240
1485 0.0000263161
4654 0.0000267334
4815 0.0000267334
4879 0.0000267334
5043 0.0000267334
514 0.0000275325
3809 0.0000275929
7304 0.0000275929
7557 0.0000275929
7740 0.0000275929
2902 0.0000281181
108 0.0000284019
3592 0.0000287596
2366 0.0000288146
668 0.0000288820
779 0.0000300338
2277 0.0000300482
5705 0.0000300482
3816 0.0000302198
823 0.0000303768
7423 0.0000308295
4078 0.0000312716
506 0.0000318044
6759 0.0000320919
617 0.0000322530
4014 0.0000322645
7688 0.0000323096
2736 0.0000329848
2426 0.0000332563
392 0.0000333009
6047 0.0000338758
1678 0.0000342203
624 0.0000343431
4942 0.0000343711
341 0.0000345239
6311 0.0000346109
6344 0.0000346109
6464 0.0000346109
5245 0.0000347343
5980 0.0000348416
3463 0.0000351791
657 0.0000353002
1323 0.0000354213
6421 0.0000355932
8285 0.0000366174
3973 0.0000367287
866 0.0000367303
7588 0.0000373224
7362 0.0000375228
5756 0.0000378287
1687 0.0000379653
5860 0.0000385143
601 0.0000386146
700 0.0000386478
3036 0.0000391183
3980 0.0000391183
4778 0.0000391183
6235 0.0000391183
3126 0.0000391837
2928 0.0000393481
349 0.0000401754
8282 0.0000402130
882 0.0000408634
682 0.0000413854
3609 0.0000414786
301 0.0000415873
705 0.0000419051
5809 0.0000426879
6409 0.0000426879
6661 0.0000426879
1024 0.0000428384
1984 0.0000436927
1507 0.0000437840
6769 0.0000438687
6788 0.0000438687
2205 0.0000440228
6755 0.0000441516
168 0.0000442586
7436 0.0000443403
942 0.0000445008
4934 0.0000448956
6982 0.0000448956
7201 0.0000448956
7262 0.0000448956
606 0.0000450753
1282 0.0000457033
246 0.0000457150
1277 0.0000457520
3324 0.0000458625
8277 0.0000462254
338 0.0000462832
793 0.0000465907
1114 0.0000466052
5772 0.0000471556
219 0.0000473624
6096 0.0000479331
1038 0.0000479736
631 0.0000480974
681 0.0000484320
3486 0.0000484575
684 0.0000490177
6424 0.0000490806
3018 0.0000495009
427 0.0000495158
4625 0.0000495661
4866 0.0000495661
5208 0.0000495661
5260 0.0000495661
5663 0.0000495661
2294 0.0000501148
3193 0.0000501148
4966 0.0000503402
4992 0.0000503402
273 0.0000507946
2007 0.0000510256
5393 0.0000520388
34 0.0000520548
3320 0.0000522796
6663 0.0000523349
140 0.0000523618
3313 0.0000529227
3681 0.0000530147
3911 0.0000533075
4987 0.0000535477
822 0.0000536244
686 0.0000536449
1884 0.0000536611
4471 0.0000542638
743 0.0000543992
5499 0.0000544940
7162 0.0000546250
6933 0.0000547514
2055 0.0000551787
406 0.0000552430
163 0.0000553874
2838 0.0000554895
628 0.0000554973
1563 0.0000556335
6892 0.0000558058
717 0.0000563325
232 0.0000564377
5539 0.0000564876
4047 0.0000568462
5033 0.0000568462
616 0.0000571690
5969 0.0000572493
127 0.0000573470
4946 0.0000573513
5044 0.0000573513
306 0.0000577198
744 0.0000577712
378 0.0000585077
1326 0.0000589278
7604 0.0000590820
4049 0.0000591716
4188 0.0000591716
4311 0.0000591716
6590 0.0000592529
5655 0.0000592537
3145 0.0000594414
5977 0.0000596660
586 0.0000597045
5513 0.0000600275
7186 0.0000600696
258 0.0000602194
1441 0.0000602986
1321 0.0000605673
1220 0.0000607023
390 0.0000609208
5406 0.0000609336
3538 0.0000617481
1144 0.0000617924
979 0.0000621694
1154 0.0000622938
5630 0.0000624542
4117 0.0000624839
566 0.0000627889
1160 0.0000629686
706 0.0000630138
2914 0.0000633266
1819 0.0000633598
3483 0.0000633951
3243 0.0000636284
575 0.0000637839
89 0.0000640262
274 0.0000643218
5064 0.0000643794
2956 0.0000647041
995 0.0000649848
8283 0.0000660108
4786 0.0000660150
945 0.0000660393
3465 0.0000661444
2825 0.0000663433
2348 0.0000667532
885 0.0000667813
3376 0.0000667901
319 0.0000676881
5350 0.0000678934
3319 0.0000680048
538 0.0000680483
592 0.0000693785
784 0.0000694348
1196 0.0000696800
2281 0.0000697049
6890 0.0000697200
6938 0.0000697200
1861 0.0000704258
613 0.0000707959
5738 0.0000708283
802 0.0000708944
2182 0.0000710655
5620 0.0000714375
868 0.0000720281
7074 0.0000720554
1537 0.0000723114
1732 0.0000725759
5364 0.0000727959
658 0.0000731186
1074 0.0000731869
6511 0.0000731869
1128 0.0000734766
873 0.0000742661
810 0.0000761630
1596 0.0000761636
150 0.0000763311
2575 0.0000766310
6164 0.0000767888
5311 0.0000775860
314 0.0000777187
771 0.0000778314
674 0.0000779061
5991 0.0000787794
8249 0.0000791625
1600 0.0000791738
6803 0.0000792613
2993 0.0000793985
6111 0.0000794231
224 0.0000805366
564 0.0000810810
581 0.0000813148
1039 0.0000819167
3506 0.0000821356
3155 0.0000821963
1689 0.0000823358
725 0.0000826223
300 0.0000829840
7675 0.0000831052
183 0.0000831798
2354 0.0000832540
864 0.0000839166
1915 0.0000842990
6474 0.0000844947
994 0.0000845840
849 0.0000846220
1100 0.0000853219
377 0.0000854167
7393 0.0000855023
6161 0.0000858460
3646 0.0000860303
7652 0.0000861821
829 0.0000862299
4822 0.0000863342
2499 0.0000866432
339 0.0000874342
154 0.0000881324
226 0.0000882745
2386 0.0000885488
675 0.0000887649
5305 0.0000891087
5045 0.0000891474
932 0.0000895746
7120 0.0000897383
2724 0.0000901528
2202 0.0000903339
1221 0.0000906276
80 0.0000909739
5664 0.0000910620
7297 0.0000910620
5559 0.0000912553
5368 0.0000923393
216 0.0000930509
1531 0.0000933174
2060 0.0000933880
918 0.0000934206
955 0.0000935219
257 0.0000936981
1757 0.0000950381
1141 0.0000950883
627 0.0000954888
429 0.0000957065
1030 0.0000958423
5639 0.0000960297
820 0.0000962738
3200 0.0000965030
379 0.0000969341
1432 0.0000983172
19 0.0000985812
1152 0.0000990907
3804 0.0000997050
1168 0.0000999088
2781 0.0001001692
8169 0.0001007914
6772 0.0001016239
7146 0.0001016239
3576 0.0001017043
604 0.0001032257
4677 0.0001037366
4831 0.0001037366
4993 0.0001037456
39 0.0001038981
798 0.0001039113
844 0.0001045487
1793 0.0001048709
2979 0.0001049556
447 0.0001054229
1490 0.0001064716
5784 0.0001068374
643 0.0001069644
5309 0.0001074295
607 0.0001083904
956 0.0001104686
2926 0.0001105200
991 0.0001106905
943 0.0001109379
192 0.0001119479
515 0.0001119479
4051 0.0001122890
1007 0.0001127203
428 0.0001129921
236 0.0001135755
488 0.0001160644
1619 0.0001171243
567 0.0001172130
878 0.0001181503
1597 0.0001182654
7647 0.0001185015
6407 0.0001189965
622 0.0001190624
707 0.0001191245
261 0.0001193510
936 0.0001204676
1669 0.0001205795
4776 0.0001214194
2206 0.0001216517
1604 0.0001216541
151 0.0001219284
6255 0.0001221654
4088 0.0001232074
175 0.0001234387
3567 0.0001240375
8292 0.0001256278
948 0.0001259562
396 0.0001260865
2085 0.0001262638
1991 0.0001264728
7490 0.0001265211
1983 0.0001268560
255 0.0001273612
2589 0.0001286559
1791 0.0001292231
36 0.0001293256
806 0.0001293363
5950 0.0001307833
228 0.0001310893
2165 0.0001321616
861 0.0001323697
1629 0.0001325807
132 0.0001331654
1780 0.0001348692
8276 0.0001362060
4058 0.0001372598
1865 0.0001382226
913 0.0001382356
748 0.0001384392
584 0.0001385020
4024 0.0001387957
6700 0.0001388971
1493 0.0001392422
4181 0.0001401031
4219 0.0001405353
963 0.0001408069
440 0.0001408897
5308 0.0001415298
3835 0.0001422984
4351 0.0001427193
8141 0.0001430519
4648 0.0001432243
1023 0.0001433910
5592 0.0001442152
325 0.0001445691
4331 0.0001450446
2181 0.0001456697
6094 0.0001467344
348 0.0001470517
4276 0.0001483537
252 0.0001486139
2168 0.0001502854
6942 0.0001507360
3520 0.0001513448
2072 0.0001520894
2091 0.0001522242
2946 0.0001531316
182 0.0001532640
5511 0.0001534859
897 0.0001536489
286 0.0001537765
664 0.0001538493
1595 0.0001546516
1985 0.0001548401
1043 0.0001555874
1649 0.0001563011
1513 0.0001575404
673 0.0001575676
2185 0.0001582408
1768 0.0001585272
1628 0.0001600302
1259 0.0001603778
3548 0.0001606482
7059 0.0001618362
371 0.0001624860
6320 0.0001629297
280 0.0001633831
1241 0.0001643269
310 0.0001655996
2917 0.0001660124
2799 0.0001668545
321 0.0001668789
590 0.0001670625
1662 0.0001696312
1618 0.0001698993
1418 0.0001709370
1080 0.0001718657
981 0.0001718901
1506 0.0001731586
730 0.0001738689
6198 0.0001742011
4298 0.0001742142
135 0.0001746158
1075 0.0001758946
746 0.0001768187
1396 0.0001770680
1864 0.0001777188
836 0.0001794435
6 0.0001796078
6953 0.0001798853
1556 0.0001799768
7517 0.0001804575
8178 0.0001805625
827 0.0001809705
1752 0.0001811368
1730 0.0001819574
322 0.0001826107
4977 0.0001831401
5638 0.0001842575
2918 0.0001853722
4402 0.0001858585
2307 0.0001858960
826 0.0001875479
5323 0.0001876560
394 0.0001877471
5487 0.0001878101
4127 0.0001884428
7185 0.0001894344
1137 0.0001894924
2604 0.0001896197
3769 0.0001897552
2777 0.0001909715
3 0.0001912832
1920 0.0001922663
5500 0.0001928676
2097 0.0001941889
6553 0.0001949848
7874 0.0001952271
1550 0.0001953937
5933 0.0001959989
5140 0.0001962037
1032 0.0001964233
656 0.0001977649
1692 0.0001983243
2178 0.0001996191
3922 0.0002008052
1402 0.0002013071
3554 0.0002026433
334 0.0002035352
1672 0.0002045883
999 0.0002046772
50 0.0002062092
4507 0.0002063097
3808 0.0002064959
1707 0.0002067661
4412 0.0002072744
2880 0.0002083756
29 0.0002091080
1979 0.0002116144
1652 0.0002117287
8122 0.0002129853
7040 0.0002131176
1583 0.0002133485
5457 0.0002145423
1055 0.0002153128
907 0.0002155167
904 0.0002190605
6707 0.0002201112
6840 0.0002201112
5640 0.0002203762
1407 0.0002212964
6400 0.0002213813
1389 0.0002215328
749 0.0002227002
1880 0.0002238368
1218 0.0002246826
1468 0.0002247543
1564 0.0002261284
1420 0.0002266227
4134 0.0002271141
1203 0.0002272947
1520 0.0002284894
7695 0.0002301513
1444 0.0002304904
881 0.0002312112
839 0.0002341904
1518 0.0002342210
2770 0.0002342482
2416 0.0002348849
2991 0.0002350174
1747 0.0002353854
370 0.0002354609
317 0.0002356655
1375 0.0002374544
1382 0.0002379926
1901 0.0002383788
795 0.0002387390
6993 0.0002393959
853 0.0002394292
803 0.0002396547
982 0.0002397664
8037 0.0002418277
971 0.0002422115
2129 0.0002425579
5058 0.0002425760
1372 0.0002446030
2095 0.0002487660
285 0.0002491411
3871 0.0002498417
1837 0.0002502155
402 0.0002502253
1124 0.0002505152
636 0.0002509486
4453 0.0002511732
1714 0.0002537090
975 0.0002553158
1501 0.0002553573
7512 0.0002557951
1131 0.0002561333
517 0.0002577458
989 0.0002580031
1446 0.0002580514
1140 0.0002592886
362 0.0002595406
4355 0.0002597517
32 0.0002602746
2241 0.0002606412
1524 0.0002608691
4189 0.0002637569
4588 0.0002640138
304 0.0002650057
2053 0.0002657787
1534 0.0002659043
5327 0.0002663747
8149 0.0002670133
2397 0.0002690114
7924 0.0002691147
6850 0.0002704920
432 0.0002719887
1857 0.0002730203
5415 0.0002732340
1587 0.0002733509
587 0.0002755930
3348 0.0002756843
3919 0.0002763022
691 0.0002766498
6628 0.0002782763
3099 0.0002790524
178 0.0002791028
5132 0.0002792998
805 0.0002794657
3150 0.0002802847
1848 0.0002809872
928 0.0002817167
2342 0.0002825003
7257 0.0002825003
838 0.0002828008
1548 0.0002829649
1425 0.0002830435
4791 0.0002833041
2490 0.0002842178
4468 0.0002849079
1935 0.0002863177
30 0.0002863439
7050 0.0002865673
977 0.0002865872
1062 0.0002872441
5392 0.0002884628
966 0.0002901521
1411 0.0002904399
7295 0.0002921336
5837 0.0002926475
1190 0.0002928437
308 0.0002936099
1849 0.0002967985
8198 0.0002974137
2580 0.0002976080
985 0.0002991640
1641 0.0003000118
1777 0.0003000421
2479 0.0003006713
6736 0.0003011294
1442 0.0003040323
1471 0.0003043532
611 0.0003063205
23 0.0003095464
2333 0.0003105230
4645 0.0003107531
2137 0.0003113905
5215 0.0003162049
435 0.0003166743
38 0.0003168287
6166 0.0003182885
2821 0.0003184832
6873 0.0003206292
372 0.0003221269
750 0.0003222714
433 0.0003223326
739 0.0003235181
4480 0.0003246461
3164 0.0003247029
2475 0.0003257825
1973 0.0003275791
1525 0.0003278577
6596 0.0003284779
391 0.0003302655
5850 0.0003305112
6595 0.0003307345
1296 0.0003330960
1610 0.0003331429
3717 0.0003341542
431 0.0003357923
1805 0.0003359893
1555 0.0003389552
4199 0.0003395891
3541 0.0003400765
2369 0.0003415973
5650 0.0003419336
2109 0.0003424968
715 0.0003434960
1733 0.0003438484
5012 0.0003445569
972 0.0003455673
7442 0.0003471585
1006 0.0003479714
363 0.0003495584
6994 0.0003525886
8284 0.0003528266
2977 0.0003535746
2951 0.0003558780
1592 0.0003566752
3073 0.0003580346
647 0.0003586527
3338 0.0003597162
742 0.0003600636
1823 0.0003602349
723 0.0003605818
1487 0.0003606210
422 0.0003613046
5437 0.0003618086
5973 0.0003624698
1774 0.0003631902
227 0.0003632567
1230 0.0003638730
405 0.0003640003
2687 0.0003644646
6737 0.0003651141
8124 0.0003653308
7763 0.0003654811
3346 0.0003659091
4529 0.0003662188
1034 0.0003681662
5285 0.0003688003
1464 0.0003692543
6589 0.0003710361
958 0.0003718872
1858 0.0003736715
2106 0.0003745202
2332 0.0003750297
311 0.0003751783
1097 0.0003761434
1987 0.0003781415
5824 0.0003801755
8002 0.0003803105
2721 0.0003803395
373 0.0003832532
2599 0.0003836711
6567 0.0003847593
8 0.0003848004
1394 0.0003849292
6714 0.0003851758
3806 0.0003875423
1419 0.0003876309
2119 0.0003895341
75 0.0003895443
559 0.0003911219
5246 0.0003917805
105 0.0003924479
1963 0.0003925521
761 0.0003926874
155 0.0003927506
1580 0.0003943250
8287 0.0003947454
7810 0.0003956930
3670 0.0003967427
6712 0.0004002340
1573 0.0004003758
1439 0.0004011618
5817 0.0004013104
1236 0.0004033262
7047 0.0004037775
7778 0.0004043011
733 0.0004043502
8237 0.0004043741
4098 0.0004062945
7544 0.0004063812
1927 0.0004075101
3479 0.0004076523
3297 0.0004082247
4234 0.0004105722
1613 0.0004122872
2116 0.0004124043
1746 0.0004125054
1315 0.0004135898
6422 0.0004145529
1972 0.0004161265
589 0.0004161892
6323 0.0004163790
1286 0.0004177945
2004 0.0004191097
1413 0.0004201304
4814 0.0004231496
1222 0.0004236760
3956 0.0004244541
7879 0.0004261505
4797 0.0004262167
61 0.0004263073
4500 0.0004269985
3967 0.0004271542
1377 0.0004279564
893 0.0004280169
5835 0.0004286452
1261 0.0004292667
1603 0.0004295910
7389 0.0004302684
1969 0.0004315434
946 0.0004324264
1542 0.0004335962
947 0.0004336728
6528 0.0004340722
2764 0.0004374420
710 0.0004386311
2662 0.0004397413
1783 0.0004401174
6632 0.0004416289
3000 0.0004427128
5802 0.0004449995
1648 0.0004451480
8219 0.0004465529
6570 0.0004488035
5807 0.0004488328
1014 0.0004495163
1476 0.0004514722
1111 0.0004530369
3433 0.0004538596
7094 0.0004539097
1653 0.0004540447
5994 0.0004543156
1718 0.0004546379
2273 0.0004574884
7341 0.0004580605
722 0.0004591961
1903 0.0004615142
887 0.0004620315
2341 0.0004623212
4557 0.0004635177
813 0.0004653777
1654 0.0004657593
935 0.0004660046
1000 0.0004678352
2754 0.0004687463
837 0.0004688966
3946 0.0004698913
7088 0.0004708423
2763 0.0004723884
871 0.0004740372
2253 0.0004742935
2617 0.0004756380
7529 0.0004766767
2350 0.0004779110
2076 0.0004779140
2014 0.0004783183
54 0.0004802722
8051 0.0004805729
1997 0.0004842014
1322 0.0004843759
968 0.0004850187
1953 0.0004856537
4646 0.0004912502
2685 0.0004920369
6503 0.0004927645
5341 0.0004941300
6552 0.0004973727
6270 0.0004980010
1964 0.0004981038
659 0.0004982515
1061 0.0004990242
3464 0.0004992620
6948 0.0004994255
1489 0.0005000343
8291 0.0005015309
6029 0.0005020029
1393 0.0005022835
4613 0.0005032271
2570 0.0005032811
1248 0.0005052857
8168 0.0005083007
7497 0.0005086827
1053 0.0005102109
3557 0.0005111062
560 0.0005116571
4482 0.0005130549
4422 0.0005142924
6789 0.0005143023
1243 0.0005143564
332 0.0005146788
4876 0.0005147233
4994 0.0005149666
704 0.0005153100
8044 0.0005165602
6594 0.0005182257
633 0.0005184610
3173 0.0005187334
3455 0.0005202662
6945 0.0005215094
259 0.0005218204
1390 0.0005219757
6388 0.0005231076
1279 0.0005240966
3969 0.0005243005
2285 0.0005265747
1658 0.0005270418
5384 0.0005273011
6170 0.0005275442
8083 0.0005279339
1758 0.0005303188
2550 0.0005307784
298 0.0005318541
5582 0.0005326878
1908 0.0005342626
3393 0.0005369810
5162 0.0005386451
7386 0.0005395909
2765 0.0005411984
1123 0.0005433976
1353 0.0005436757
6241 0.0005442915
5626 0.0005444567
2356 0.0005452172
2618 0.0005468761
313 0.0005469207
667 0.0005476711
7450 0.0005479429
2073 0.0005484837
6262 0.0005488183
7707 0.0005494461
2345 0.0005495112
794 0.0005503446
1319 0.0005510504
4604 0.0005552946
152 0.0005558928
346 0.0005562447
4323 0.0005595658
1680 0.0005613179
5863 0.0005617999
350 0.0005626150
72 0.0005642638
1816 0.0005643387
1798 0.0005668388
1701 0.0005734605
719 0.0005755913
763 0.0005758512
1253 0.0005763358
6720 0.0005775955
5732 0.0005780029
171 0.0005792676
6218 0.0005818386
2157 0.0005822985
5790 0.0005823328
1285 0.0005824147
2801 0.0005832739
7803 0.0005845146
5222 0.0005846562
2193 0.0005858402
960 0.0005858474
356 0.0005876765
697 0.0005890982
4728 0.0005892913
5176 0.0005915393
6001 0.0005919532
6251 0.0005921700
4777 0.0005939262
4488 0.0005941204
1234 0.0005947574
6725 0.0005954082
1547 0.0005963721
2972 0.0005981458
1749 0.0005988602
2329 0.0005996304
663 0.0005996711
6246 0.0006003670
8134 0.0006010272
895 0.0006014268
3002 0.0006029328
6501 0.0006038723
2768 0.0006076772
5568 0.0006089634
8297 0.0006106880
859 0.0006117428
3803 0.0006121544
3021 0.0006135757
1250 0.0006140734
2385 0.0006189210
403 0.0006191697
2809 0.0006198752
2828 0.0006227083
7422 0.0006263459
3842 0.0006300941
1788 0.0006303730
1497 0.0006305162
2623 0.0006316923
1811 0.0006323552
4820 0.0006329931
2713 0.0006338641
2597 0.0006344655
5083 0.0006345837
5509 0.0006363223
7835 0.0006363338
4417 0.0006366488
7073 0.0006368454
2587 0.0006369339
425 0.0006373539
2620 0.0006376891
2925 0.0006393313
5811 0.0006406831
49 0.0006407655
5963 0.0006410393
5092 0.0006412621
756 0.0006416487
760 0.0006419429
4944 0.0006426293
3114 0.0006445948
5637 0.0006466428
2246 0.0006476455
2669 0.0006481119
4713 0.0006518153
6023 0.0006521317
1164 0.0006525275
7225 0.0006549774
1566 0.0006552200
2999 0.0006583024
2400 0.0006586898
1360 0.0006588568
5584 0.0006588648
5148 0.0006593014
5614 0.0006593428
2966 0.0006614891
4808 0.0006619121
7373 0.0006624904
1802 0.0006631645
609 0.0006643968
1855 0.0006658011
6901 0.0006669636
3191 0.0006685348
967 0.0006693741
6897 0.0006702535
7054 0.0006703163
6976 0.0006705362
1521 0.0006713381
2339 0.0006713889
282 0.0006759554
6765 0.0006761222
3309 0.0006764437
3854 0.0006767628
7233 0.0006768084
2612 0.0006802550
5737 0.0006809709
7965 0.0006810013
4764 0.0006812314
4938 0.0006820557
1965 0.0006821351
4373 0.0006824893
5721 0.0006835798
5454 0.0006838944
5263 0.0006854527
8224 0.0006856808
3587 0.0006883092
6151 0.0006893661
2592 0.0006917458
1201 0.0006944440
1772 0.0006994173
6699 0.0006997349
5928 0.0006998416
1428 0.0007053958
7005 0.0007057554
2338 0.0007058674
7757 0.0007067733
6097 0.0007071431
1679 0.0007077873
3381 0.0007111045
2696 0.0007119446
7378 0.0007140854
2326 0.0007146797
817 0.0007157036
230 0.0007176733
5506 0.0007178029
6227 0.0007180964
3661 0.0007205000
6000 0.0007210377
1792 0.0007211886
5922 0.0007225025
2708 0.0007229353
626 0.0007235982
5155 0.0007259997
3148 0.0007301664
1044 0.0007345005
3435 0.0007347172
7351 0.0007357118
1781 0.0007367805
3251 0.0007383699
2507 0.0007392050
2384 0.0007418846
930 0.0007419148
1247 0.0007427298
3664 0.0007431872
1284 0.0007433569
299 0.0007458048
677 0.0007462124
8073 0.0007495134
789 0.0007515331
2922 0.0007515890
407 0.0007521857
857 0.0007549041
7143 0.0007556910
4929 0.0007568333
3009 0.0007572012
2805 0.0007581893
696 0.0007586342
579 0.0007586355
4953 0.0007591648
3614 0.0007592407
5026 0.0007625491
5753 0.0007640096
7946 0.0007666228
4435 0.0007666955
5482 0.0007667654
7400 0.0007668249
2815 0.0007680764
3310 0.0007708967
8209 0.0007728083
665 0.0007732356
7561 0.0007746923
2700 0.0007766529
1185 0.0007782231
2834 0.0007786406
2932 0.0007788322
7795 0.0007796379
1538 0.0007801840
7279 0.0007811673
5378 0.0007819242
1374 0.0007821525
6855 0.0007852471
4424 0.0007867558
4201 0.0007867769
5430 0.0007880240
549 0.0007902016
4110 0.0007910151
7694 0.0007934312
2830 0.0007938185
2062 0.0007956652
908 0.0007959860
1484 0.0007960443
243 0.0007960549
6243 0.0007988400
7646 0.0008006080
1157 0.0008021682
4706 0.0008040223
2689 0.0008040829
5465 0.0008046583
3274 0.0008058284
4044 0.0008059921
2579 0.0008063812
4384 0.0008073439
7237 0.0008085825
2923 0.0008092987
1330 0.0008116400
415 0.0008121785
3136 0.0008127166
4065 0.0008129215
1127 0.0008133376
2605 0.0008133809
1191 0.0008171207
7238 0.0008172326
6148 0.0008208743
7119 0.0008212260
3106 0.0008248500
2511 0.0008251482
5936 0.0008258154
1621 0.0008264539
2968 0.0008264701
2258 0.0008313739
1200 0.0008324879
6924 0.0008330807
6442 0.0008331377
3371 0.0008345527
5925 0.0008346829
4899 0.0008358898
3807 0.0008433759
7131 0.0008451337
545 0.0008524998
3755 0.0008525587
3458 0.0008586832
7101 0.0008636394
1859 0.0008647726
4401 0.0008650652
3787 0.0008682430
7788 0.0008707119
4432 0.0008735793
1239 0.0008758064
6739 0.0008778006
5651 0.0008779935
1482 0.0008806882
3033 0.0008810548
5439 0.0008830878
5932 0.0008836159
3489 0.0008838192
1787 0.0008861705
4315 0.0008869768
7726 0.0008872373
6441 0.0008972390
863 0.0008973750
5891 0.0008977076
5432 0.0008986269
1465 0.0008996233
2760 0.0009021592
4662 0.0009031692
7618 0.0009039095
1384 0.0009064168
4263 0.0009065597
5773 0.0009076705
1697 0.0009095405
3020 0.0009099000
6305 0.0009100157
3351 0.0009101343
6613 0.0009106812
2877 0.0009109813
6432 0.0009110860
6875 0.0009124257
1193 0.0009138602
3460 0.0009171105
2560 0.0009225127
2643 0.0009236650
1035 0.0009237485
1744 0.0009248721
3010 0.0009280500
1291 0.0009294403
2016 0.0009313534
5335 0.0009319846
3724 0.0009327048
4962 0.0009330269
3887 0.0009338354
5239 0.0009338728
2544 0.0009358717
7927 0.0009369983
2252 0.0009406515
1031 0.0009406867
1622 0.0009440969
4013 0.0009443319
1125 0.0009450554
1608 0.0009454973
6221 0.0009457292
1018 0.0009470639
6554 0.0009472248
5295 0.0009474908
3926 0.0009500935
2900 0.0009549050
2963 0.0009550920
3937 0.0009552727
4233 0.0009578952
4297 0.0009605217
2135 0.0009608796
1888 0.0009609926
3453 0.0009617048
2981 0.0009617760
3029 0.0009632625
3307 0.0009643248
5421 0.0009645817
5545 0.0009657903
4138 0.0009691290
5812 0.0009726336
7168 0.0009726393
2209 0.0009755787
6272 0.0009760263
1412 0.0009762169
6930 0.0009779289
1305 0.0009810859
2674 0.0009837914
3958 0.0009907268
6624 0.0009921793
7277 0.0009926625
1977 0.0009938412
5103 0.0009953928
55 0.0009963025
769 0.0009967231
6505 0.0009992025
2290 0.0010037129
2325 0.0010075229
2001 0.0010137760
3691 0.0010146783
5121 0.0010182751
7855 0.0010187187
4811 0.0010227194
6599 0.0010235412
2665 0.0010244108
1378 0.0010260628
2595 0.0010277975
2257 0.0010278225
4796 0.0010291357
1151 0.0010303238
922 0.0010357762
6600 0.0010374127
6566 0.0010376941
6860 0.0010391548
1593 0.0010393408
3885 0.0010404605
2811 0.0010462742
1769 0.0010477704
3180 0.0010499621
2785 0.0010499828
3140 0.0010502894
3843 0.0010506160
3144 0.0010542861
3258 0.0010556926
2794 0.0010557917
2819 0.0010568847
7662 0.0010583557
5827 0.0010583654
959 0.0010591616
3830 0.0010592426
2128 0.0010625687
978 0.0010638237
1267 0.0010667867
4043 0.0010669443
1307 0.0010678254
4055 0.0010679057
4289 0.0010738370
1159 0.0010740394
1514 0.0010763124
2912 0.0010792014
2231 0.0010815287
439 0.0010833147
5798 0.0010837896
7144 0.0010844727
5776 0.0010846452
2071 0.0010942109
856 0.0010946909
6918 0.0010958748
6783 0.0011000038
8290 0.0011037535
4365 0.0011041517
3726 0.0011054150
4687 0.0011066260
2410 0.0011073128
6576 0.0011080228
1814 0.0011086360
5463 0.0011099975
5998 0.0011124413
3276 0.0011146669
1646 0.0011148952
1717 0.0011155984
3680 0.0011180800
2375 0.0011182130
6229 0.0011182758
2787 0.0011258279
1956 0.0011266151
1808 0.0011284571
5775 0.0011305312
250 0.0011365384
7683 0.0011414262
1966 0.0011436391
2151 0.0011440338
6770 0.0011446986
764 0.0011451942
1700 0.0011478960
3014 0.0011480272
2747 0.0011503665
6498 0.0011508326
937 0.0011551964
1835 0.0011634261
6296 0.0011643927
7391 0.0011666881
1706 0.0011672440
6328 0.0011694745
3059 0.0011703289
5199 0.0011744235
7833 0.0011751199
2856 0.0011751409
4986 0.0011808728
3015 0.0011821752
4269 0.0011823261
8128 0.0011857503
2079 0.0011909115
7301 0.0011922938
1416 0.0011926944
3792 0.0011967252
2102 0.0011978209
4527 0.0012003997
5819 0.0012006808
1103 0.0012080747
5144 0.0012106490
6098 0.0012121861
2160 0.0012138933
5844 0.0012187291
2547 0.0012202354
4547 0.0012217538
1496 0.0012225751
2707 0.0012238118
1199 0.0012240356
6523 0.0012249773
5452 0.0012256776
4072 0.0012273346
1385 0.0012289133
5780 0.0012313585
1705 0.0012335552
4463 0.0012343092
941 0.0012378536
608 0.0012410643
1565 0.0012438963
5182 0.0012463039
1799 0.0012468268
3607 0.0012521950
2955 0.0012537735
5189 0.0012559951
2831 0.0012567588
7979 0.0012581177
4715 0.0012611348
3748 0.0012619718
3092 0.0012630497
4964 0.0012706684
1352 0.0012712174
3284 0.0012724510
3660 0.0012750909
5897 0.0012751554
5179 0.0012798594
1022 0.0012830341
3103 0.0012833288
6347 0.0012871053
5683 0.0012877688
6043 0.0012879782
1637 0.0012890023
2909 0.0012897960
6934 0.0012904079
4175 0.0012920716
6306 0.0012961486
637 0.0012977919
5680 0.0013022783
2322 0.0013070233
5739 0.0013076603
4338 0.0013130125
6955 0.0013132626
1723 0.0013143445
7813 0.0013149017
4534 0.0013162689
3480 0.0013194255
3847 0.0013198825
2686 0.0013211676
2646 0.0013232229
2211 0.0013237130
2510 0.0013237277
6174 0.0013240125
765 0.0013244502
5106 0.0013254341
1156 0.0013282141
7871 0.0013282397
7839 0.0013301611
2973 0.0013305539
5423 0.0013340130
3813 0.0013395681
2324 0.0013428045
4748 0.0013431277
2697 0.0013438012
3417 0.0013480937
3473 0.0013487448
5527 0.0013536316
5848 0.0013536702
5288 0.0013591682
4162 0.0013606719
4846 0.0013633266
4689 0.0013727002
3130 0.0013786292
4021 0.0013787561
7478 0.0013816742
3007 0.0013822413
5799 0.0013823179
4781 0.0013855596
5828 0.0013906461
1165 0.0013989848
2174 0.0013992205
4266 0.0013993289
5697 0.0014026041
4361 0.0014026766
1167 0.0014027799
3529 0.0014128347
6437 0.0014150435
5301 0.0014205480
1836 0.0014210842
2371 0.0014223948
1729 0.0014250508
4341 0.0014257264
56 0.0014262444
3447 0.0014322203
6869 0.0014360755
1893 0.0014380513
1847 0.0014425448
7992 0.0014427420
1571 0.0014439845
6979 0.0014455389
2667 0.0014460043
4884 0.0014513966
6980 0.0014526538
4041 0.0014540085
2542 0.0014541055
2435 0.0014596539
2655 0.0014693317
5100 0.0014729458
3580 0.0014732769
1734 0.0014739965
5818 0.0014769165
2814 0.0014773905
5188 0.0014774106
4551 0.0014802295
3635 0.0014822604
5902 0.0014839100
5130 0.0014904499
7649 0.0014905813
2240 0.0014935014
5204 0.0014958230
4510 0.0014961731
214 0.0015018356
4980 0.0015021767
6481 0.0015085879
3634 0.0015088632
7443 0.0015120323
3408 0.0015135669
5479 0.0015155219
7108 0.0015158430
2593 0.0015162349
5804 0.0015181463
3452 0.0015209600
1403 0.0015233594
2225 0.0015238848
4247 0.0015246185
4824 0.0015260775
2517 0.0015265032
5624 0.0015284600
2433 0.0015358450
7381 0.0015373617
5096 0.0015388334
5829 0.0015394749
3720 0.0015405783
6458 0.0015483666
5466 0.0015487075
86 0.0015498081
1661 0.0015500599
7012 0.0015507528
4528 0.0015518413
3752 0.0015561768
7624 0.0015568768
8212 0.0015573530
3291 0.0015609244
28 0.0015648131
5321 0.0015650129
4719 0.0015650719
1049 0.0015694963
6327 0.0015793798
3404 0.0015837617
7052 0.0015875856
5233 0.0015907236
290 0.0015951913
3253 0.0015993857
4574 0.0016009012
6337 0.0016011530
1498 0.0016024375
600 0.0016029038
1492 0.0016076362
3516 0.0016108585
7280 0.0016168579
5872 0.0016300611
6790 0.0016313181
1918 0.0016321872
5200 0.0016349894
5529 0.0016356989
4587 0.0016472093
7912 0.0016491219
5273 0.0016498377
1453 0.0016501379
4999 0.0016562910
3631 0.0016565314
2411 0.0016577734
5886 0.0016587325
4795 0.0016621424
6560 0.0016631166
2364 0.0016721814
1990 0.0016854091
5020 0.0016978708
5760 0.0016988666
3586 0.0017051294
7510 0.0017095137
4717 0.0017115503
3976 0.0017154447
2276 0.0017231154
3903 0.0017334933
7651 0.0017454894
4290 0.0017548572
2456 0.0017571024
6032 0.0017592230
417 0.0017695020
5210 0.0017719937
2470 0.0017724861
1473 0.0017764446
35 0.0017785671
204 0.0017832417
8295 0.0017855865
1992 0.0017860912
5055 0.0017881294
5947 0.0017898412
3910 0.0017923349
3970 0.0017937121
6907 0.0018088732
3800 0.0018094215
2264 0.0018325332
4299 0.0018366439
3643 0.0018366939
3293 0.0018371978
4179 0.0018372100
4632 0.0018372867
1842 0.0018414107
5073 0.0018636367
5061 0.0018683739
4261 0.0018812089
1585 0.0018904796
5262 0.0018920954
2506 0.0018929498
2114 0.0018949423
6417 0.0018954660
7063 0.0018991813
2693 0.0019072440
4653 0.0019101091
6774 0.0019287159
2289 0.0019323906
1026 0.0019330981
5449 0.0019378606
6496 0.0019458055
5072 0.0019507507
2251 0.0019589959
2851 0.0019656743
1919 0.0019664428
2774 0.0019672295
7116 0.0019717274
465 0.0019719881
4940 0.0019779757
2440 0.0020012429
5822 0.0020255060
3812 0.0020255719
1357 0.0020281181
5289 0.0020281530
2727 0.0020300343
2381 0.0020464170
6156 0.0020518129
5714 0.0020570749
1186 0.0020573033
3027 0.0020609170
5445 0.0020614536
5671 0.0020670822
271 0.0020716868
4530 0.0020768154
7910 0.0020830015
6555 0.0020888255
5814 0.0020977051
1638 0.0021089712
3028 0.0021256822
4483 0.0021301936
8192 0.0021323021
840 0.0021353680
3192 0.0021549370
8121 0.0021581480
5871 0.0021586254
8294 0.0021594421
4448 0.0021602627
6123 0.0021627781
6833 0.0021699092
2120 0.0021969356
6780 0.0022052195
7699 0.0022063938
5806 0.0022096488
8293 0.0022101636
2508 0.0022138221
2297 0.0022278340
896 0.0022282396
1688 0.0022347516
3645 0.0022349973
5596 0.0022579774
8174 0.0022650911
6914 0.0022702741
1211 0.0022706745
2822 0.0022793846
5743 0.0022864640
7587 0.0022864681
3125 0.0022923863
2790 0.0023174304
2256 0.0023175016
3615 0.0023440584
3892 0.0023447128
3117 0.0023602259
7115 0.0023736804
4600 0.0023940537
6715 0.0024006048
1166 0.0024061779
5037 0.0024196193
2474 0.0024198671
4349 0.0024248806
2654 0.0024387879
5693 0.0024492415
6618 0.0024562339
3030 0.0024572722
2660 0.0024603014
1982 0.0024662080
2210 0.0024715691
3650 0.0024807465
4485 0.0024843420
5839 0.0024872512
1726 0.0025006020
4011 0.0025175048
974 0.0025281912
5684 0.0025497996
644 0.0025585728
3443 0.0025804265
7890 0.0025854610
4709 0.0026296282
2619 0.0026398067
6044 0.0026443136
2504 0.0026554025
4792 0.0026562136
5178 0.0026694322
6004 0.0026708501
4666 0.0026716175
4124 0.0026852155
6913 0.0026858943
3024 0.0026945809
3026 0.0027084475
6665 0.0027136926
2223 0.0027223871
5028 0.0027256834
3439 0.0027523395
3770 0.0027854779
2145 0.0027897876
7860 0.0027955491
3796 0.0028077698
7021 0.0028149741
5002 0.0028388858
3394 0.0028403320
2323 0.0028548379
4578 0.0028614572
1437 0.0028767703
4103 0.0028776596
2134 0.0028874459
7414 0.0029140441
1633 0.0029220172
2653 0.0029259629
2940 0.0029340010
2658 0.0029363553
4071 0.0029398557
1310 0.0029412944
2775 0.0029498963
5524 0.0029518316
2144 0.0029945261
6414 0.0029978819
7908 0.0030110843
2585 0.0031032605
3265 0.0031109529
4536 0.0031143265
3321 0.0031705246
6299 0.0031773387
4827 0.0032176321
4212 0.0032189173
5022 0.0032460360
5226 0.0033282259
4099 0.0033324392
2117 0.0033696004
7961 0.0033711293
6124 0.0033879299
2871 0.0033970795
3898 0.0034331129
5543 0.0034725846
7214 0.0034772486
3005 0.0034836290
2594 0.0034844563
3459 0.0034970932
4661 0.0035008385
4983 0.0035623399
2657 0.0036027509
2237 0.0036109456
2535 0.0036427033
3562 0.0036573077
5800 0.0037096036
4400 0.0037528822
5459 0.0037875276
2516 0.0038048682
3454 0.0038451778
2485 0.0038481406
2651 0.0038723177
4981 0.0039201937
993 0.0039324239
5605 0.0040026936
3897 0.0040404305
5484 0.0040411860
2576 0.0040494556
6784 0.0040988484
4040 0.0041544659
4256 0.0041576342
3334 0.0041951169
3034 0.0041960680
2565 0.0041972745
3962 0.0042122709
4875 0.0043080230
825 0.0043204273
1754 0.0043664355
3498 0.0043967478
5079 0.0044244532
3537 0.0044901346
7862 0.0045743007
7809 0.0045889530
3568 0.0046131107
5404 0.0046263498
2958 0.0046371715
3260 0.0047672153
4531 0.0048198830
2746 0.0049782698
5123 0.0050214953
7620 0.0050648065
3873 0.0050950521
7553 0.0051035352
4735 0.0051712019
5254 0.0051835689
7882 0.0051960790
3238 0.0052325387
4798 0.0052581216
4335 0.0054528312
762 0.0055038990
1297 0.0055432739
5563 0.0056461579
7092 0.0057635866
2859 0.0058152542
1549 0.0058479145
6832 0.0058687988
4310 0.0058901543
737 0.0061530286
2328 0.0061542993
3084 0.0065388212
4828 0.0065710318
4191 0.0066472046
8163 0.0067198044
3352 0.0068129483
2066 0.0068449065
3456 0.0073315080
15 0.0076614000
3089 0.0077103223
8042 0.0077642283
7632 0.0079350827
4712 0.0079503726
5412 0.0086547752
4037 0.0089382829
2398 0.0096577396
2625 0.0107727575
6330 0.0114689117
6006 0.0128607532
6946 0.0141798973
6334 0.0156112312
6634 0.0186907229
1192 0.0537591112
1533 0.0537591112
5354 0.0537591112
5701 0.0537591112
5838 0.0537591112
6009 0.0537591112
6225 0.0537591112
6401 0.0537591112
7621 0.0537591112
4639 0.1074055209
6059 0.2146983406
